Step,Action,Reasoning,Observation,Reward,Done
0,Place Table,"Act 1: Gather basic resources  
- Move West to grass tile  
- Do (collect Wood)  
- Place Table (front)  
- Make Wood Pickaxe (requires table+wood)  
- Make Wood Sword  

Act 2: Collect food and plant items  
- Place Plant (front)  
- Move South 5, East 5 to Cow location  
- Do (kill Cow) – obtain Cow item in inventory  
- Do (eat Cow) – achievement Eat Cow  

Act 3: Build furnace and gather materials  
- Make Stone Pickaxe (requires table+wood+stone – note: need to mine stone)  
- Use Stone Pickaxe on nearby Stone to collect Stone  
- Place Furnace (front)  
- Use Stone Pickaxe to mine Coal (coal ore) → Do to collect Coal  
- Use Stone Pickaxe to mine Iron ore → Do to collect Iron  

Act 4: Upgrade to stone and iron tools  
- Make Stone Sword (requires table+wood+stone)  
- Make Iron Pickaxe (requires table+furnace+wood+coal+iron)  
- Make Iron Sword (requires table+furnace+wood+coal+iron)  

Act 5: Defeat enemies  
- Move to zombie location (explore map) – Do to kill Zombie → achievement Defeat Zombie  
- Move to skeleton location – Do to kill Skeleton → achievement Defeat Skeleton  

Act 6: Miscellaneous achievements  
- Place Stone (front) – achievement Place Stone  
- Move to lake location (explore) – Do to drink from lake → achievement Collect Drink  
- Use Stone Pickaxe to mine Diamond ore → Do to collect Diamond – achievement Collect Diamond  
- Sleep when energy low to earn Wake Up  

All achievements (1‑22) will be met by completing the above actions in order.  
The plan ensures building necessary tools first, collecting required resources, cooking food, defeating enemies, and finishing with special resource collection (coal, iron, diamond, drink).  
Once each step's prerequisites are satisfied the corresponding achievement will be unlocked.  
Proceeding with the first action below.","You see:
- grass 1 steps to your west
- cow 4 steps to your south-east

You face grass at your front.",0.0,False
1,Move West,,"You see:
- grass 1 steps to your west
- cow 4 steps to your south-east

You face grass at your front.",0.0,False
2,Move West,,"You see:
- grass 1 steps to your west
- cow 4 steps to your south-east

You face grass at your front.",0.0,False
3,Move West,,"You see:
- grass 1 steps to your west
- cow 5 steps to your south-east

You face grass at your front.",0.0,False
4,Do,,"You see:
- grass 1 steps to your west
- cow 5 steps to your south-east

You face grass at your front.",0.0,False
5,Do,,"You see:
- grass 1 steps to your west
- cow 4 steps to your south-east

You face grass at your front.",0.0,False
6,Move West,"Start by moving west onto the grass tile to collect wood. Then place a table in front of you. With wood in hand and a table nearby, craft a Wood Pickaxe. After that, head towards the cow to collect food by using the Do action. Repeat this pattern: gather wood, craft tools, place structures, and collect resources until all achievements are unlocked, including gathering stone, coal, iron, diamonds, defeating enemies, and cooking food. Whenever energy drops, sleep. Keep an eye on the environment for new resource locations and mobs, building appropriate tools and structures as needed to progress and complete all 22 achievements.","You see:
- water 4 steps to your west
- grass 1 steps to your west
- sand 5 steps to your south-west
- cow 5 steps to your south-east

You face grass at your front.",0.0,False
7,Move West,,"You see:
- water 3 steps to your west
- grass 1 steps to your west
- sand 4 steps to your south-west
- cow 5 steps to your north-west

You face grass at your front.",0.0,False
8,Do,,"You see:
- water 3 steps to your west
- grass 1 steps to your west
- sand 4 steps to your south-west
- cow 5 steps to your south-east

You face grass at your front.",0.0,False
9,Move West,,"You see:
- water 2 steps to your west
- grass 1 steps to your west
- sand 3 steps to your south-west
- cow 5 steps to your south-east
- zombie 4 steps to your south-east

You face grass at your front.",0.0,False
10,Move West,,"You see:
- water 1 steps to your west
- grass 1 steps to your north
- sand 2 steps to your south-west
- zombie 4 steps to your south-east

You face water at your front.",0.0,False
11,Do,,"You see:
- water 1 steps to your west
- grass 1 steps to your north
- sand 2 steps to your south-west
- zombie 3 steps to your south-east

You face water at your front.",1.0,False
12,"<plan>Plan: 
1. Move north to grass tile. 
2. Do (collect wood). 
3. Place Table. 
4. Make Wood Pickaxe. 
5. Move west to water tile. 
6. Do (drink water). 
7. Place Plant on a suitable tile. 
8. Move southeast toward the cow and Do (eat cow). 
9. Move towards the zombie and Do (defeat zombie). 
10. Locate a stone block and Do to mine stone. 
11. Place Stone. 
12. Do to mine coal. 
13. Place Furnace. 
14. Do to mine iron. 
15. Make Iron Pickaxe. 
16. Make Iron Sword. 
17. Sleep when energy diminishes and wake up. 
18. When a skeleton is encountered, Do to defeat it. 
This sequence achieves all 22 achievements, gradually gathering resources, building structures, defeating enemies, and upgrading tools.> 
Move North",,"

Your previous output did not contain a valid action. Defaulted to action: Noop

Observation:
You see:
- water 1 steps to your west
- grass 1 steps to your north
- sand 2 steps to your south-west
- zombie 2 steps to your south-east

You face water at your front.",0.0,False
13,Do,,"You see:
- water 1 steps to your west
- grass 1 steps to your north
- sand 2 steps to your south-west
- zombie 1 steps to your east

You face water at your front.",-0.2,False
14,Move North,,"You see:
- water 2 steps to your west
- grass 1 steps to your west
- sand 2 steps to your north-west
- cow 2 steps to your north
- zombie 1 steps to your south

You face grass at your front.",0.0,False
15,Do,,"You see:
- water 2 steps to your west
- grass 1 steps to your west
- sand 2 steps to your north-west
- cow 2 steps to your north
- zombie 1 steps to your south

You face grass at your front.",0.0,False
16,Move West,,"You see:
- water 1 steps to your west
- grass 2 steps to your north-east
- sand 1 steps to your north
- cow 3 steps to your north-east
- zombie 1 steps to your east

You face water at your front.",0.0,False
17,Move North,,"You see:
- water 1 steps to your west
- grass 1 steps to your south
- sand 1 steps to your north
- cow 2 steps to your north-east
- zombie 1 steps to your east

You face sand at your front.",0.0,False
18,Move South,"1. Move South onto the grass tile to collect wood.  
2. Do – pick up wood.  
3. Place Table – place a table next to you.  
4. Make Wood Pickaxe – craft a wooden pickaxe using the nearby table and your wood.  
5. Move West onto the water tile.  
6. Do – drink.  
7. Move East onto the cow tile.  
8. Do – collect sampling from the cow.  
9. Do – eat the cow (establish Eat Cow achievement).  
10. Move East onto the zombie tile.  
11. Do – defeat the zombie (Defeat Zombie).  
12. Move North onto the sand tile.  
13. Do – mine stone.  
14. Place Stone – place a stone in front.  
15. Make Stone Pickaxe – craft using the table, wood, and stone.  
16. Use the stone pickaxe to mine coal (Do).  
17. Place Furnace – build a furnace.  
18. Use the stone pickaxe to mine iron (Do).  
19. Make Iron Pickaxe – craft with table, furnace, wood, coal, iron.  
20. Make Iron Sword – craft with table, furnace, wood, coal, iron.  
21. Move around to a suitable location and Place Plant.  
22. Do – eat the plant (Eat Plant).  
23. Encounter a skeleton (move to its position) and Do – defeat the skeleton (Defeat Skeleton).  
24. With the iron pickaxe, explore further to find a diamond block and Do – collect diamond.  
25. Whenever energy drops, use Sleep and later Wake Up.  
26. Achieve all remaining collections (sampling, coal, iron, stone, and diamond) and necessary crafting, ensuring each listed achievement is unlocked.  
This sequence guarantees every achievement will be completed in order while maintaining health, food, drink, and energy levels as required.","You see:
- water 1 steps to your west
- grass 2 steps to your north-east
- sand 1 steps to your north
- cow 2 steps to your north
- zombie 1 steps to your east

You face water at your front.",0.0,False
19,Move North,,"You see:
- water 1 steps to your west
- grass 1 steps to your east
- sand 2 steps to your north
- cow 1 steps to your north
- zombie 1 steps to your south

You face cow at your front.",-0.2,False
20,Move East,,"You see:
- water 2 steps to your west
- grass 1 steps to your north
- sand 3 steps to your north-west
- cow 2 steps to your north-west
- zombie 1 steps to your west

You face grass at your front.",0.0,False
21,Do,,"You see:
- water 2 steps to your west
- grass 1 steps to your north
- sand 3 steps to your north-west
- cow 2 steps to your north-west
- zombie 1 steps to your west

You face grass at your front.",0.0,False
22,Do,,"You see:
- water 2 steps to your west
- grass 1 steps to your north
- sand 2 steps to your north-west
- cow 3 steps to your north-west
- zombie 1 steps to your west

You face grass at your front.",0.0,False
23,Do,,"You see:
- water 2 steps to your west
- grass 1 steps to your north
- sand 2 steps to your north-west
- cow 3 steps to your north-west
- zombie 1 steps to your west

You face grass at your front.",0.0,False
24,Move North,"1. Move onto the adjacent grass tile (Move North).  
2. Do to collect wood.  
3. Place Table next to you to unlock Place Table.  
4. Make Wood Pickaxe using the table and wood.  
5. Move west twice to reach the water tile.  
6. Do to drink water (Collect Drink).  
7. Move west one step to attack the zombie.  
8. Do to defeat the zombie (Defeat Zombie).  
9. Backtrack to the original position (Move East twice) and then Move North-West in steps to approach the cow (Move North, Move West).  
10. Do when on cow to collect sampling and eat cow (Collect Sampling, Eat Cow).  
11. Gather stone by using the wooden pickaxe on a stone tile (Do).  
12. Place Stone on a nearby tile.  
13. Craft Stone Pickaxe with table, wood, and stone.  
14. Use stone pickaxe to mine coal and iron, then craft a furnace.  
15. Mine iron with stone pickaxe, make Iron Pickaxe, then Iron Sword.  
16. Place a plant, eat plant.  
17. Defeat any skeleton encountered.  
18. Explore further to find a diamond and collect it.  
19. If energy drops below maximum, Sleep and then perform Wake Up.  
This sequence covers all 22 achievements while maintaining health, food, drink, and energy levels.","You see:
- water 2 steps to your west
- grass 1 steps to your north
- sand 2 steps to your north-west
- tree 5 steps to your north-east
- cow 3 steps to your north-west
- zombie 1 steps to your west

You face grass at your front.",0.1,False
25,Do,,"You see:
- water 2 steps to your west
- grass 1 steps to your north
- sand 2 steps to your north-west
- tree 5 steps to your north-east
- cow 3 steps to your south-east
- zombie 1 steps to your west

You face grass at your front.",-0.2,False
26,Do,,"You see:
- water 2 steps to your west
- grass 1 steps to your north
- sand 2 steps to your north-west
- tree 5 steps to your north-east
- cow 2 steps to your east
- zombie 1 steps to your west

You face grass at your front.",1.0,False
27,Do,,"You see:
- water 2 steps to your west
- grass 1 steps to your north
- sand 2 steps to your north-west
- tree 5 steps to your north-east
- cow 3 steps to your north-east
- zombie 1 steps to your west

You face grass at your front.",0.0,False
28,Do,,"You see:
- water 2 steps to your west
- grass 1 steps to your north
- sand 2 steps to your north-west
- tree 5 steps to your north-east
- cow 3 steps to your north-east
- zombie 1 steps to your west

You face grass at your front.",0.0,False
29,Place Plant,,"You see:
- water 2 steps to your west
- grass 1 steps to your south
- sand 2 steps to your north-west
- tree 5 steps to your north-east
- cow 3 steps to your north-east
- zombie 1 steps to your west
- plant 1 steps to your north

You face plant at your front.",1.0,False
30,Move South,"1. Move South to reach the grass tile.  
2. Do on the grass tile to collect wood (Collect Wood).  
3. Place Table next to the player to unlock Place Table.  
4. Make Wood Pickaxe with the table and collected wood.  
5. Use the wood pickaxe to mine stone when a stone tile is encountered.  
6. Place Stone to satisfy Place Stone achievement.  
7. Craft Stone Pickaxe from table, wood, and stone.  
8. Use the stone pickaxe to obtain coal and iron, then place a Furnace.  
9. Mine iron with the stone pickaxe, craft an Iron Pickaxe, then an Iron Sword.  
10. Plant a plant and eat it.  
11. Defeat the zombie and any skeleton encountered.  
12. Collect the cow’s sampling, eat the cow, and consume water and plant food to maintain health.  
13. Finally find a diamond tile and collect it.  
14. Sleep whenever energy drops under maximum (Wake Up).  
This sequence will cover all 22 achievements while managing health, food, drink, and energy.","You see:
- water 2 steps to your west
- grass 1 steps to your south
- sand 1 steps to your west
- cow 4 steps to your north-east
- zombie 1 steps to your north

You face grass at your front.",0.0,False
31,Do,,"You see:
- water 2 steps to your west
- grass 1 steps to your south
- sand 1 steps to your west
- cow 4 steps to your north-east
- zombie 1 steps to your north

You face grass at your front.",-0.2,False
32,Do,,"You see:
- water 2 steps to your west
- grass 1 steps to your south
- sand 1 steps to your west
- cow 5 steps to your north-east
- zombie 1 steps to your north

You face grass at your front.",0.0,False
33,Do,,"You see:
- water 2 steps to your west
- grass 1 steps to your south
- sand 1 steps to your west
- cow 4 steps to your north-east
- zombie 1 steps to your north

You face grass at your front.",0.0,False
34,Do,,"You see:
- water 2 steps to your west
- grass 1 steps to your south
- sand 1 steps to your west
- cow 5 steps to your north-east
- zombie 1 steps to your north

You face grass at your front.",0.0,False
35,Do,,"You see:
- water 2 steps to your west
- grass 1 steps to your south
- sand 1 steps to your west
- cow 4 steps to your north-east
- zombie 1 steps to your north

You face grass at your front.",0.0,False
36,Do,"1. Move North to step onto the zombie tile.  
2. Do – this attacks the zombie and defeats it (Defeat Zombie).  
3. Move West twice to reach the lake (water 2 steps to the west).  
4. Do – drink from the lake to restore health (Collect Drink).  
5. Move South to return to the grass tile.  
6. Do – collect wood from the grass (Collect Wood).  
7. Place Table next to the player (Place Table).  
8. Make Wood Pickaxe with the table and collected wood (Make Wood Pickaxe).  
9. Search for a stone tile to mine; move towards adjacent sand/grass tiles until a stone appears.  
10. Use the wood pickaxe to mine stone, then place the stone in front (Place Stone).  
11. Make Stone Pickaxe with table, wood, and the mined stone (Make Stone Pickaxe).  
12. Explore to find coal; craft a furnace with table and furnace material (Place Furnace).  
13. Mine coal and iron with the stone pickaxe; make an iron pickaxe (Make Iron Pickaxe).  
14. Mine another stone block to craft a stone sword (Make Stone Sword) and an iron sword (Make Iron Sword).  
15. Plant a new plant with Place Plant and eat it (Eat Plant).  
16. Approach and eat the cow to collect its sampling and eat it (Eat Cow, Collect Sampling).  
17. Use the iron sword to defeat any remaining skeletons (Defeat Skeleton).  
18. Search for a diamond tile and mine it (Collect Diamond).  
19. Ensure you sleep whenever energy reaches 8/9 to restore it (Wake Up).  
20. Continue exploring and repeating mining and crafting steps until all 22 achievements are completed.","You see:
- water 2 steps to your west
- grass 1 steps to your south
- sand 1 steps to your west
- cow 3 steps to your north-east
- zombie 1 steps to your north

You face grass at your front.",0.0,False
37,Do,,"You died.



You see:
- water 2 steps to your west
- grass 1 steps to your south
- sand 1 steps to your west
- cow 3 steps to your north-east
- zombie 1 steps to your north

You face grass at your front.",-0.2,True
