Step,Action,Reasoning,Observation,Reward,Done
0,search,,"message:
You find a hidden door.

language observation:
horizontal closed door far eastsoutheast
horizontal wall very near north and northeast
dark area very near west
horizontal wall adjacent southeast and south
southwest corner adjacent southwest
vertical closed door adjacent west
vertical wall adjacent northwest

cursor:
Yourself a priest
(x=37, y=4)

map:
                                                                                
                                    ----------------                            
                                    |...............                            
                                    +@.............|                            
                                    --------+-------                            
                                                                                
                                                                                
                                                                                
                                                                                
                                                                                
                                                                                
                                                                                
                                                                                
                                                                                
                                                                                
                                                                                
                                                                                
                                                                                
                                                                                
                                                                                
                                                                                
Agent the Aspirant             St:14 Dx:10 Co:14 In:12 Wi:18 Ch:7 Neutral S:0   
Dlvl:1 $:0 HP:14(14) Pw:8(8) AC:7 Xp:1/0                                        

",0.0,False
1,search,,"message:


language observation:
horizontal closed door far eastsoutheast
horizontal wall very near north and northeast
dark area very near west
horizontal wall adjacent southeast and south
southwest corner adjacent southwest
vertical closed door adjacent west
vertical wall adjacent northwest

cursor:
Yourself a priest
(x=37, y=4)

map:
                                                                                
                                    ----------------                            
                                    |...............                            
                                    +@.............|                            
                                    --------+-------                            
                                                                                
                                                                                
                                                                                
                                                                                
                                                                                
                                                                                
                                                                                
                                                                                
                                                                                
                                                                                
                                                                                
                                                                                
                                                                                
                                                                                
                                                                                
                                                                                
Agent the Aspirant             St:14 Dx:10 Co:14 In:12 Wi:18 Ch:7 Neutral S:0   
Dlvl:1 $:0 HP:14(14) Pw:8(8) AC:7 Xp:1/0                                        

",0.0,False
2,search,,"message:


language observation:
horizontal closed door far eastsoutheast
horizontal wall very near north and northeast
dark area very near west
horizontal wall adjacent southeast and south
southwest corner adjacent southwest
vertical closed door adjacent west
vertical wall adjacent northwest

cursor:
Yourself a priest
(x=37, y=4)

map:
                                                                                
                                    ----------------                            
                                    |...............                            
                                    +@.............|                            
                                    --------+-------                            
                                                                                
                                                                                
                                                                                
                                                                                
                                                                                
                                                                                
                                                                                
                                                                                
                                                                                
                                                                                
                                                                                
                                                                                
                                                                                
                                                                                
                                                                                
                                                                                
Agent the Aspirant             St:14 Dx:10 Co:14 In:12 Wi:18 Ch:7 Neutral S:0   
Dlvl:1 $:0 HP:14(14) Pw:8(8) AC:7 Xp:1/0                                        

",0.0,False
3,south,,"message:
It's a wall.

language observation:
horizontal closed door far eastsoutheast
horizontal wall very near north and northeast
dark area very near west
horizontal wall adjacent southeast and south
southwest corner adjacent southwest
vertical closed door adjacent west
vertical wall adjacent northwest

cursor:
Yourself a priest
(x=37, y=4)

map:
                                                                                
                                    ----------------                            
                                    |...............                            
                                    +@.............|                            
                                    --------+-------                            
                                                                                
                                                                                
                                                                                
                                                                                
                                                                                
                                                                                
                                                                                
                                                                                
                                                                                
                                                                                
                                                                                
                                                                                
                                                                                
                                                                                
                                                                                
                                                                                
Agent the Aspirant             St:14 Dx:10 Co:14 In:12 Wi:18 Ch:7 Neutral S:0   
Dlvl:1 $:0 HP:14(14) Pw:8(8) AC:7 Xp:1/0                                        

",0.0,False
4,search,,"message:


language observation:
horizontal closed door far eastsoutheast
horizontal wall very near north and northeast
dark area very near west
horizontal wall adjacent southeast and south
southwest corner adjacent southwest
vertical closed door adjacent west
vertical wall adjacent northwest

cursor:
Yourself a priest
(x=37, y=4)

map:
                                                                                
                                    ----------------                            
                                    |...............                            
                                    +@.............|                            
                                    --------+-------                            
                                                                                
                                                                                
                                                                                
                                                                                
                                                                                
                                                                                
                                                                                
                                                                                
                                                                                
                                                                                
                                                                                
                                                                                
                                                                                
                                                                                
                                                                                
                                                                                
Agent the Aspirant             St:14 Dx:10 Co:14 In:12 Wi:18 Ch:7 Neutral S:0   
Dlvl:1 $:0 HP:14(14) Pw:8(8) AC:7 Xp:1/0                                        

",0.0,False
5,east,,"message:


language observation:
horizontal closed door far eastsoutheast
dark area near west
horizontal wall very near north and northeast
vertical closed door very near west
northwest room corner very near northwest
horizontal wall adjacent southeast, south, and southwest
stairs up adjacent west

cursor:
Yourself a priest
(x=38, y=4)

map:
                                                                                
                                    ----------------                            
                                    |...............                            
                                    +<@............|                            
                                    --------+-------                            
                                                                                
                                                                                
                                                                                
                                                                                
                                                                                
                                                                                
                                                                                
                                                                                
                                                                                
                                                                                
                                                                                
                                                                                
                                                                                
                                                                                
                                                                                
                                                                                
Agent the Aspirant             St:14 Dx:10 Co:14 In:12 Wi:18 Ch:7 Neutral S:0   
Dlvl:1 $:0 HP:14(14) Pw:8(8) AC:7 Xp:1/0                                        

",0.0,False
6,north,,"message:


language observation:
horizontal closed door far eastsoutheast
horizontal wall very near southeast and south
southwest corner very near southwest
vertical closed door very near westsouthwest
vertical wall very near west
horizontal wall adjacent north, northeast, and northwest
stairs up adjacent southwest

cursor:
Yourself a priest
(x=38, y=3)

map:
                                                                                
                                    ----------------                            
                                    |.@.............                            
                                    +<.............|                            
                                    --------+-------                            
                                                                                
                                                                                
                                                                                
                                                                                
                                                                                
                                                                                
                                                                                
                                                                                
                                                                                
                                                                                
                                                                                
                                                                                
                                                                                
                                                                                
                                                                                
                                                                                
Agent the Aspirant             St:14 Dx:10 Co:14 In:12 Wi:18 Ch:7 Neutral S:0   
Dlvl:1 $:0 HP:14(14) Pw:8(8) AC:7 Xp:1/0                                        

",0.0,False
7,northwest,,"message:
It's a wall.

language observation:
horizontal closed door far eastsoutheast
horizontal wall very near southeast and south
southwest corner very near southwest
vertical closed door very near westsouthwest
vertical wall very near west
horizontal wall adjacent north, northeast, and northwest
stairs up adjacent southwest

cursor:
Yourself a priest
(x=38, y=3)

map:
                                                                                
                                    ----------------                            
                                    |.@.............                            
                                    +<.............|                            
                                    --------+-------                            
                                                                                
                                                                                
                                                                                
                                                                                
                                                                                
                                                                                
                                                                                
                                                                                
                                                                                
                                                                                
                                                                                
                                                                                
                                                                                
                                                                                
                                                                                
                                                                                
Agent the Aspirant             St:14 Dx:10 Co:14 In:12 Wi:18 Ch:7 Neutral S:0   
Dlvl:1 $:0 HP:14(14) Pw:8(8) AC:7 Xp:1/0                                        

",0.0,False
8,west,,"message:


language observation:
horizontal closed door far eastsoutheast
horizontal wall very near southeast and south
dark area very near southwest
horizontal wall adjacent north and northeast
stairs up adjacent south
vertical closed door adjacent southwest
vertical wall adjacent west
northwest room corner adjacent northwest

cursor:
Yourself a priest
(x=37, y=3)

map:
                                                                                
                                    ----------------                            
                                    |@..............                            
                                    +<.............|                            
                                    --------+-------                            
                                                                                
                                                                                
                                                                                
                                                                                
                                                                                
                                                                                
                                                                                
                                                                                
                                                                                
                                                                                
                                                                                
                                                                                
                                                                                
                                                                                
                                                                                
                                                                                
Agent the Aspirant             St:14 Dx:10 Co:14 In:12 Wi:18 Ch:7 Neutral S:0   
Dlvl:1 $:0 HP:14(14) Pw:8(8) AC:7 Xp:1/0                                        

",0.0,False
9,south,,"message:


language observation:
horizontal closed door far eastsoutheast
horizontal wall very near north and northeast
dark area very near west
horizontal wall adjacent southeast and south
southwest corner adjacent southwest
vertical closed door adjacent west
vertical wall adjacent northwest

cursor:
Yourself a priest
(x=37, y=4)

map:
                                                                                
                                    ----------------                            
                                    |...............                            
                                    +@.............|                            
                                    --------+-------                            
                                                                                
                                                                                
                                                                                
                                                                                
                                                                                
                                                                                
                                                                                
                                                                                
                                                                                
                                                                                
                                                                                
                                                                                
                                                                                
                                                                                
                                                                                
                                                                                
Agent the Aspirant             St:14 Dx:10 Co:14 In:12 Wi:18 Ch:7 Neutral S:0   
Dlvl:1 $:0 HP:14(14) Pw:8(8) AC:7 Xp:1/0                                        

",0.0,False
10,search,,"message:


language observation:
horizontal closed door far eastsoutheast
horizontal wall very near north and northeast
dark area very near west
horizontal wall adjacent southeast and south
southwest corner adjacent southwest
vertical closed door adjacent west
vertical wall adjacent northwest

cursor:
Yourself a priest
(x=37, y=4)

map:
                                                                                
                                    ----------------                            
                                    |...............                            
                                    +@.............|                            
                                    --------+-------                            
                                                                                
                                                                                
                                                                                
                                                                                
                                                                                
                                                                                
                                                                                
                                                                                
                                                                                
                                                                                
                                                                                
                                                                                
                                                                                
                                                                                
                                                                                
                                                                                
Agent the Aspirant             St:14 Dx:10 Co:14 In:12 Wi:18 Ch:7 Neutral S:0   
Dlvl:1 $:0 HP:14(14) Pw:8(8) AC:7 Xp:1/0                                        

",0.0,False
11,open,,"message:
In what direction?

language observation:
horizontal closed door far eastsoutheast
horizontal wall very near north and northeast
dark area very near west
horizontal wall adjacent southeast and south
southwest corner adjacent southwest
vertical closed door adjacent west
vertical wall adjacent northwest

cursor:

(x=19, y=0)

map:
                                                                                
                                    ----------------                            
                                    |...............                            
                                    +@.............|                            
                                    --------+-------                            
                                                                                
                                                                                
                                                                                
                                                                                
                                                                                
                                                                                
                                                                                
                                                                                
                                                                                
                                                                                
                                                                                
                                                                                
                                                                                
                                                                                
                                                                                
                                                                                
Agent the Aspirant             St:14 Dx:10 Co:14 In:12 Wi:18 Ch:7 Neutral S:0   
Dlvl:1 $:0 HP:14(14) Pw:8(8) AC:7 Xp:1/0                                        

",0.0,False
12,west,,"message:
The door resists!

language observation:
horizontal closed door far eastsoutheast
horizontal wall very near north and northeast
dark area very near west
horizontal wall adjacent southeast and south
southwest corner adjacent southwest
vertical closed door adjacent west
vertical wall adjacent northwest

cursor:
Yourself a priest
(x=37, y=4)

map:
                                                                                
                                    ----------------                            
                                    |...............                            
                                    +@.............|                            
                                    --------+-------                            
                                                                                
                                                                                
                                                                                
                                                                                
                                                                                
                                                                                
                                                                                
                                                                                
                                                                                
                                                                                
                                                                                
                                                                                
                                                                                
                                                                                
                                                                                
                                                                                
Agent the Aspirant             St:14 Dx:10 Co:14 In:12 Wi:18 Ch:7 Neutral S:0   
Dlvl:1 $:0 HP:14(14) Pw:8(8) AC:7 Xp:1/0                                        

",0.0,False
13,kick,,"message:
In what direction?

language observation:
horizontal closed door far eastsoutheast
horizontal wall very near north and northeast
dark area very near west
horizontal wall adjacent southeast and south
southwest corner adjacent southwest
vertical closed door adjacent west
vertical wall adjacent northwest

cursor:

(x=19, y=0)

map:
                                                                                
                                    ----------------                            
                                    |...............                            
                                    +@.............|                            
                                    --------+-------                            
                                                                                
                                                                                
                                                                                
                                                                                
                                                                                
                                                                                
                                                                                
                                                                                
                                                                                
                                                                                
                                                                                
                                                                                
                                                                                
                                                                                
                                                                                
                                                                                
Agent the Aspirant             St:14 Dx:10 Co:14 In:12 Wi:18 Ch:7 Neutral S:0   
Dlvl:1 $:0 HP:14(14) Pw:8(8) AC:7 Xp:1/0                                        

",0.0,False
14,kick,,"message:
What a strange direction!

language observation:
horizontal closed door far eastsoutheast
horizontal wall very near north and northeast
dark area very near west
horizontal wall adjacent southeast and south
southwest corner adjacent southwest
vertical closed door adjacent west
vertical wall adjacent northwest

cursor:
Yourself a priest
(x=37, y=4)

map:
                                                                                
                                    ----------------                            
                                    |...............                            
                                    +@.............|                            
                                    --------+-------                            
                                                                                
                                                                                
                                                                                
                                                                                
                                                                                
                                                                                
                                                                                
                                                                                
                                                                                
                                                                                
                                                                                
                                                                                
                                                                                
                                                                                
                                                                                
                                                                                
Agent the Aspirant             St:14 Dx:10 Co:14 In:12 Wi:18 Ch:7 Neutral S:0   
Dlvl:1 $:0 HP:14(14) Pw:8(8) AC:7 Xp:1/0                                        

",0.0,False
15,kick,,"message:
In what direction?

language observation:
horizontal closed door far eastsoutheast
horizontal wall very near north and northeast
dark area very near west
horizontal wall adjacent southeast and south
southwest corner adjacent southwest
vertical closed door adjacent west
vertical wall adjacent northwest

cursor:

(x=19, y=0)

map:
                                                                                
                                    ----------------                            
                                    |...............                            
                                    +@.............|                            
                                    --------+-------                            
                                                                                
                                                                                
                                                                                
                                                                                
                                                                                
                                                                                
                                                                                
                                                                                
                                                                                
                                                                                
                                                                                
                                                                                
                                                                                
                                                                                
                                                                                
                                                                                
Agent the Aspirant             St:14 Dx:10 Co:14 In:12 Wi:18 Ch:7 Neutral S:0   
Dlvl:1 $:0 HP:14(14) Pw:8(8) AC:7 Xp:1/0                                        

",0.0,False
16,south,,"message:
Ouch!  That hurts!

language observation:
horizontal closed door far eastsoutheast
horizontal wall very near north and northeast
dark area very near west
horizontal wall adjacent southeast and south
southwest corner adjacent southwest
vertical closed door adjacent west
vertical wall adjacent northwest

cursor:
Yourself a priest
(x=37, y=4)

map:
                                                                                
                                    ----------------                            
                                    |...............                            
                                    +@.............|                            
                                    --------+-------                            
                                                                                
                                                                                
                                                                                
                                                                                
                                                                                
                                                                                
                                                                                
                                                                                
                                                                                
                                                                                
                                                                                
                                                                                
                                                                                
                                                                                
                                                                                
                                                                                
Agent the Aspirant             St:14 Dx:10 Co:14 In:12 Wi:18 Ch:7 Neutral S:0   
Dlvl:1 $:0 HP:10(14) Pw:8(8) AC:7 Xp:1/0                                        

",0.0,False
17,north,,"message:


language observation:
horizontal closed door far eastsoutheast
horizontal wall very near southeast and south
dark area very near southwest
horizontal wall adjacent north and northeast
stairs up adjacent south
vertical closed door adjacent southwest
vertical wall adjacent west
northwest room corner adjacent northwest

cursor:
Yourself a priest
(x=37, y=3)

map:
                                                                                
                                    ----------------                            
                                    |@..............                            
                                    +<.............|                            
                                    --------+-------                            
                                                                                
                                                                                
                                                                                
                                                                                
                                                                                
                                                                                
                                                                                
                                                                                
                                                                                
                                                                                
                                                                                
                                                                                
                                                                                
                                                                                
                                                                                
                                                                                
Agent the Aspirant             St:14 Dx:10 Co:14 In:12 Wi:18 Ch:7 Neutral S:0   
Dlvl:1 $:0 HP:10(14) Pw:8(8) AC:7 Xp:1/0                                        

",0.0,False
18,south,,"message:


language observation:
horizontal closed door far eastsoutheast
horizontal wall very near north and northeast
dark area very near west
horizontal wall adjacent southeast and south
southwest corner adjacent southwest
vertical closed door adjacent west
vertical wall adjacent northwest

cursor:
Yourself a priest
(x=37, y=4)

map:
                                                                                
                                    ----------------                            
                                    |...............                            
                                    +@.............|                            
                                    --------+-------                            
                                                                                
                                                                                
                                                                                
                                                                                
                                                                                
                                                                                
                                                                                
                                                                                
                                                                                
                                                                                
                                                                                
                                                                                
                                                                                
                                                                                
                                                                                
                                                                                
Agent the Aspirant             St:14 Dx:10 Co:14 In:12 Wi:18 Ch:7 Neutral S:0   
Dlvl:1 $:0 HP:10(14) Pw:8(8) AC:7 Xp:1/0                                        

",0.0,False
19,search,,"message:


language observation:
horizontal closed door far eastsoutheast
horizontal wall very near north and northeast
dark area very near west
horizontal wall adjacent southeast and south
southwest corner adjacent southwest
vertical closed door adjacent west
vertical wall adjacent northwest

cursor:
Yourself a priest
(x=37, y=4)

map:
                                                                                
                                    ----------------                            
                                    |...............                            
                                    +@.............|                            
                                    --------+-------                            
                                                                                
                                                                                
                                                                                
                                                                                
                                                                                
                                                                                
                                                                                
                                                                                
                                                                                
                                                                                
                                                                                
                                                                                
                                                                                
                                                                                
                                                                                
                                                                                
Agent the Aspirant             St:14 Dx:10 Co:14 In:12 Wi:18 Ch:7 Neutral S:0   
Dlvl:1 $:0 HP:11(14) Pw:8(8) AC:7 Xp:1/0                                        

",0.0,False
20,east,,"message:


language observation:
horizontal closed door far eastsoutheast
dark area near west
horizontal wall very near north and northeast
vertical closed door very near west
northwest room corner very near northwest
horizontal wall adjacent southeast, south, and southwest
stairs up adjacent west

cursor:
Yourself a priest
(x=38, y=4)

map:
                                                                                
                                    ----------------                            
                                    |...............                            
                                    +<@............|                            
                                    --------+-------                            
                                                                                
                                                                                
                                                                                
                                                                                
                                                                                
                                                                                
                                                                                
                                                                                
                                                                                
                                                                                
                                                                                
                                                                                
                                                                                
                                                                                
                                                                                
                                                                                
Agent the Aspirant             St:14 Dx:10 Co:14 In:12 Wi:18 Ch:7 Neutral S:0   
Dlvl:1 $:0 HP:11(14) Pw:8(8) AC:7 Xp:1/0                                        

",0.0,False
21,southwest,,"message:
It's a wall.

language observation:
horizontal closed door far eastsoutheast
dark area near west
horizontal wall very near north and northeast
vertical closed door very near west
northwest room corner very near northwest
horizontal wall adjacent southeast, south, and southwest
stairs up adjacent west

cursor:
Yourself a priest
(x=38, y=4)

map:
                                                                                
                                    ----------------                            
                                    |...............                            
                                    +<@............|                            
                                    --------+-------                            
                                                                                
                                                                                
                                                                                
                                                                                
                                                                                
                                                                                
                                                                                
                                                                                
                                                                                
                                                                                
                                                                                
                                                                                
                                                                                
                                                                                
                                                                                
                                                                                
Agent the Aspirant             St:14 Dx:10 Co:14 In:12 Wi:18 Ch:7 Neutral S:0   
Dlvl:1 $:0 HP:11(14) Pw:8(8) AC:7 Xp:1/0                                        

",0.0,False
22,northwest,,"message:


language observation:
horizontal closed door far eastsoutheast
horizontal wall very near southeast and south
dark area very near southwest
horizontal wall adjacent north and northeast
stairs up adjacent south
vertical closed door adjacent southwest
vertical wall adjacent west
northwest room corner adjacent northwest

cursor:
Yourself a priest
(x=37, y=3)

map:
                                                                                
                                    ----------------                            
                                    |@..............                            
                                    +<.............|                            
                                    --------+-------                            
                                                                                
                                                                                
                                                                                
                                                                                
                                                                                
                                                                                
                                                                                
                                                                                
                                                                                
                                                                                
                                                                                
                                                                                
                                                                                
                                                                                
                                                                                
                                                                                
Agent the Aspirant             St:14 Dx:10 Co:14 In:12 Wi:18 Ch:7 Neutral S:0   
Dlvl:1 $:0 HP:11(14) Pw:8(8) AC:7 Xp:1/0                                        

",0.0,False
23,south,,"message:


language observation:
horizontal closed door far eastsoutheast
horizontal wall very near north and northeast
dark area very near west
horizontal wall adjacent southeast and south
southwest corner adjacent southwest
vertical closed door adjacent west
vertical wall adjacent northwest

cursor:
Yourself a priest
(x=37, y=4)

map:
                                                                                
                                    ----------------                            
                                    |...............                            
                                    +@.............|                            
                                    --------+-------                            
                                                                                
                                                                                
                                                                                
                                                                                
                                                                                
                                                                                
                                                                                
                                                                                
                                                                                
                                                                                
                                                                                
                                                                                
                                                                                
                                                                                
                                                                                
                                                                                
Agent the Aspirant             St:14 Dx:10 Co:14 In:12 Wi:18 Ch:7 Neutral S:0   
Dlvl:1 $:0 HP:11(14) Pw:8(8) AC:7 Xp:1/0                                        

",0.0,False
24,north,,"message:


language observation:
horizontal closed door far eastsoutheast
horizontal wall very near southeast and south
dark area very near southwest
horizontal wall adjacent north and northeast
stairs up adjacent south
vertical closed door adjacent southwest
vertical wall adjacent west
northwest room corner adjacent northwest

cursor:
Yourself a priest
(x=37, y=3)

map:
                                                                                
                                    ----------------                            
                                    |@..............                            
                                    +<.............|                            
                                    --------+-------                            
                                                                                
                                                                                
                                                                                
                                                                                
                                                                                
                                                                                
                                                                                
                                                                                
                                                                                
                                                                                
                                                                                
                                                                                
                                                                                
                                                                                
                                                                                
                                                                                
Agent the Aspirant             St:14 Dx:10 Co:14 In:12 Wi:18 Ch:7 Neutral S:0   
Dlvl:1 $:0 HP:11(14) Pw:8(8) AC:7 Xp:1/0                                        

",0.0,False
25,search,,"message:


language observation:
horizontal closed door far eastsoutheast
horizontal wall very near southeast and south
dark area very near southwest
horizontal wall adjacent north and northeast
stairs up adjacent south
vertical closed door adjacent southwest
vertical wall adjacent west
northwest room corner adjacent northwest

cursor:
Yourself a priest
(x=37, y=3)

map:
                                                                                
                                    ----------------                            
                                    |@..............                            
                                    +<.............|                            
                                    --------+-------                            
                                                                                
                                                                                
                                                                                
                                                                                
                                                                                
                                                                                
                                                                                
                                                                                
                                                                                
                                                                                
                                                                                
                                                                                
                                                                                
                                                                                
                                                                                
                                                                                
Agent the Aspirant             St:14 Dx:10 Co:14 In:12 Wi:18 Ch:7 Neutral S:0   
Dlvl:1 $:0 HP:11(14) Pw:8(8) AC:7 Xp:1/0                                        

",0.0,False
26,search,,"message:


language observation:
horizontal closed door far eastsoutheast
horizontal wall very near southeast and south
dark area very near southwest
horizontal wall adjacent north and northeast
stairs up adjacent south
vertical closed door adjacent southwest
vertical wall adjacent west
northwest room corner adjacent northwest

cursor:
Yourself a priest
(x=37, y=3)

map:
                                                                                
                                    ----------------                            
                                    |@..............                            
                                    +<.............|                            
                                    --------+-------                            
                                                                                
                                                                                
                                                                                
                                                                                
                                                                                
                                                                                
                                                                                
                                                                                
                                                                                
                                                                                
                                                                                
                                                                                
                                                                                
                                                                                
                                                                                
                                                                                
Agent the Aspirant             St:14 Dx:10 Co:14 In:12 Wi:18 Ch:7 Neutral S:0   
Dlvl:1 $:0 HP:11(14) Pw:8(8) AC:7 Xp:1/0                                        

",0.0,False
27,south,,"message:


language observation:
horizontal closed door far eastsoutheast
horizontal wall very near north and northeast
dark area very near west
horizontal wall adjacent southeast and south
southwest corner adjacent southwest
vertical closed door adjacent west
vertical wall adjacent northwest

cursor:
Yourself a priest
(x=37, y=4)

map:
                                                                                
                                    ----------------                            
                                    |...............                            
                                    +@.............|                            
                                    --------+-------                            
                                                                                
                                                                                
                                                                                
                                                                                
                                                                                
                                                                                
                                                                                
                                                                                
                                                                                
                                                                                
                                                                                
                                                                                
                                                                                
                                                                                
                                                                                
                                                                                
Agent the Aspirant             St:14 Dx:10 Co:14 In:12 Wi:18 Ch:7 Neutral S:0   
Dlvl:1 $:0 HP:11(14) Pw:8(8) AC:7 Xp:1/0                                        

",0.0,False
28,east,,"message:


language observation:
horizontal closed door far eastsoutheast
dark area near west
horizontal wall very near north and northeast
vertical closed door very near west
northwest room corner very near northwest
horizontal wall adjacent southeast, south, and southwest
stairs up adjacent west

cursor:
Yourself a priest
(x=38, y=4)

map:
                                                                                
                                    ----------------                            
                                    |...............                            
                                    +<@............|                            
                                    --------+-------                            
                                                                                
                                                                                
                                                                                
                                                                                
                                                                                
                                                                                
                                                                                
                                                                                
                                                                                
                                                                                
                                                                                
                                                                                
                                                                                
                                                                                
                                                                                
                                                                                
Agent the Aspirant             St:14 Dx:10 Co:14 In:12 Wi:18 Ch:7 Neutral S:0   
Dlvl:1 $:0 HP:11(14) Pw:8(8) AC:7 Xp:1/0                                        

",0.0,False
29,southwest,,"message:
It's a wall.

language observation:
horizontal closed door far eastsoutheast
dark area near west
horizontal wall very near north and northeast
vertical closed door very near west
northwest room corner very near northwest
horizontal wall adjacent southeast, south, and southwest
stairs up adjacent west

cursor:
Yourself a priest
(x=38, y=4)

map:
                                                                                
                                    ----------------                            
                                    |...............                            
                                    +<@............|                            
                                    --------+-------                            
                                                                                
                                                                                
                                                                                
                                                                                
                                                                                
                                                                                
                                                                                
                                                                                
                                                                                
                                                                                
                                                                                
                                                                                
                                                                                
                                                                                
                                                                                
                                                                                
Agent the Aspirant             St:14 Dx:10 Co:14 In:12 Wi:18 Ch:7 Neutral S:0   
Dlvl:1 $:0 HP:11(14) Pw:8(8) AC:7 Xp:1/0                                        

",0.0,False
30,northwest,,"message:


language observation:
horizontal closed door far eastsoutheast
horizontal wall very near southeast and south
dark area very near southwest
horizontal wall adjacent north and northeast
stairs up adjacent south
vertical closed door adjacent southwest
vertical wall adjacent west
northwest room corner adjacent northwest

cursor:
Yourself a priest
(x=37, y=3)

map:
                                                                                
                                    ----------------                            
                                    |@..............                            
                                    +<.............|                            
                                    --------+-------                            
                                                                                
                                                                                
                                                                                
                                                                                
                                                                                
                                                                                
                                                                                
                                                                                
                                                                                
                                                                                
                                                                                
                                                                                
                                                                                
                                                                                
                                                                                
                                                                                
Agent the Aspirant             St:14 Dx:10 Co:14 In:12 Wi:18 Ch:7 Neutral S:0   
Dlvl:1 $:0 HP:11(14) Pw:8(8) AC:7 Xp:1/0                                        

",0.0,False
31,north,,"message:
It's a wall.

language observation:
horizontal closed door far eastsoutheast
horizontal wall very near southeast and south
dark area very near southwest
horizontal wall adjacent north and northeast
stairs up adjacent south
vertical closed door adjacent southwest
vertical wall adjacent west
northwest room corner adjacent northwest

cursor:
Yourself a priest
(x=37, y=3)

map:
                                                                                
                                    ----------------                            
                                    |@..............                            
                                    +<.............|                            
                                    --------+-------                            
                                                                                
                                                                                
                                                                                
                                                                                
                                                                                
                                                                                
                                                                                
                                                                                
                                                                                
                                                                                
                                                                                
                                                                                
                                                                                
                                                                                
                                                                                
                                                                                
Agent the Aspirant             St:14 Dx:10 Co:14 In:12 Wi:18 Ch:7 Neutral S:0   
Dlvl:1 $:0 HP:11(14) Pw:8(8) AC:7 Xp:1/0                                        

",0.0,False
32,south,,"message:


language observation:
horizontal closed door far eastsoutheast
horizontal wall very near north and northeast
dark area very near west
horizontal wall adjacent southeast and south
southwest corner adjacent southwest
vertical closed door adjacent west
vertical wall adjacent northwest

cursor:
Yourself a priest
(x=37, y=4)

map:
                                                                                
                                    ----------------                            
                                    |...............                            
                                    +@.............|                            
                                    --------+-------                            
                                                                                
                                                                                
                                                                                
                                                                                
                                                                                
                                                                                
                                                                                
                                                                                
                                                                                
                                                                                
                                                                                
                                                                                
                                                                                
                                                                                
                                                                                
                                                                                
Agent the Aspirant             St:14 Dx:10 Co:14 In:12 Wi:18 Ch:7 Neutral S:0   
Dlvl:1 $:0 HP:11(14) Pw:8(8) AC:7 Xp:1/0                                        

",0.0,False
33,northwest,,"message:
It's a wall.

language observation:
horizontal closed door far eastsoutheast
horizontal wall very near north and northeast
dark area very near west
horizontal wall adjacent southeast and south
southwest corner adjacent southwest
vertical closed door adjacent west
vertical wall adjacent northwest

cursor:
Yourself a priest
(x=37, y=4)

map:
                                                                                
                                    ----------------                            
                                    |...............                            
                                    +@.............|                            
                                    --------+-------                            
                                                                                
                                                                                
                                                                                
                                                                                
                                                                                
                                                                                
                                                                                
                                                                                
                                                                                
                                                                                
                                                                                
                                                                                
                                                                                
                                                                                
                                                                                
                                                                                
Agent the Aspirant             St:14 Dx:10 Co:14 In:12 Wi:18 Ch:7 Neutral S:0   
Dlvl:1 $:0 HP:11(14) Pw:8(8) AC:7 Xp:1/0                                        

",0.0,False
34,north,,"message:


language observation:
horizontal closed door far eastsoutheast
horizontal wall very near southeast and south
dark area very near southwest
horizontal wall adjacent north and northeast
stairs up adjacent south
vertical closed door adjacent southwest
vertical wall adjacent west
northwest room corner adjacent northwest

cursor:
Yourself a priest
(x=37, y=3)

map:
                                                                                
                                    ----------------                            
                                    |@..............                            
                                    +<.............|                            
                                    --------+-------                            
                                                                                
                                                                                
                                                                                
                                                                                
                                                                                
                                                                                
                                                                                
                                                                                
                                                                                
                                                                                
                                                                                
                                                                                
                                                                                
                                                                                
                                                                                
                                                                                
Agent the Aspirant             St:14 Dx:10 Co:14 In:12 Wi:18 Ch:7 Neutral S:0   
Dlvl:1 $:0 HP:11(14) Pw:8(8) AC:7 Xp:1/0                                        

",0.0,False
35,west,,"message:
It's a wall.

language observation:
horizontal closed door far eastsoutheast
horizontal wall very near southeast and south
dark area very near southwest
horizontal wall adjacent north and northeast
stairs up adjacent south
vertical closed door adjacent southwest
vertical wall adjacent west
northwest room corner adjacent northwest

cursor:
Yourself a priest
(x=37, y=3)

map:
                                                                                
                                    ----------------                            
                                    |@..............                            
                                    +<.............|                            
                                    --------+-------                            
                                                                                
                                                                                
                                                                                
                                                                                
                                                                                
                                                                                
                                                                                
                                                                                
                                                                                
                                                                                
                                                                                
                                                                                
                                                                                
                                                                                
                                                                                
                                                                                
Agent the Aspirant             St:14 Dx:10 Co:14 In:12 Wi:18 Ch:7 Neutral S:0   
Dlvl:1 $:0 HP:11(14) Pw:8(8) AC:7 Xp:1/0                                        

",0.0,False
36,north,,"message:
It's a wall.

language observation:
horizontal closed door far eastsoutheast
horizontal wall very near southeast and south
dark area very near southwest
horizontal wall adjacent north and northeast
stairs up adjacent south
vertical closed door adjacent southwest
vertical wall adjacent west
northwest room corner adjacent northwest

cursor:
Yourself a priest
(x=37, y=3)

map:
                                                                                
                                    ----------------                            
                                    |@..............                            
                                    +<.............|                            
                                    --------+-------                            
                                                                                
                                                                                
                                                                                
                                                                                
                                                                                
                                                                                
                                                                                
                                                                                
                                                                                
                                                                                
                                                                                
                                                                                
                                                                                
                                                                                
                                                                                
                                                                                
Agent the Aspirant             St:14 Dx:10 Co:14 In:12 Wi:18 Ch:7 Neutral S:0   
Dlvl:1 $:0 HP:11(14) Pw:8(8) AC:7 Xp:1/0                                        

",0.0,False
37,kick,,"message:
In what direction?

language observation:
horizontal closed door far eastsoutheast
horizontal wall very near southeast and south
dark area very near southwest
horizontal wall adjacent north and northeast
stairs up adjacent south
vertical closed door adjacent southwest
vertical wall adjacent west
northwest room corner adjacent northwest

cursor:

(x=19, y=0)

map:
                                                                                
                                    ----------------                            
                                    |@..............                            
                                    +<.............|                            
                                    --------+-------                            
                                                                                
                                                                                
                                                                                
                                                                                
                                                                                
                                                                                
                                                                                
                                                                                
                                                                                
                                                                                
                                                                                
                                                                                
                                                                                
                                                                                
                                                                                
                                                                                
Agent the Aspirant             St:14 Dx:10 Co:14 In:12 Wi:18 Ch:7 Neutral S:0   
Dlvl:1 $:0 HP:11(14) Pw:8(8) AC:7 Xp:1/0                                        

",0.0,False
38,south,,"message:
Ouch!  That hurts!

language observation:
horizontal closed door far eastsoutheast
horizontal wall very near southeast and south
dark area very near southwest
horizontal wall adjacent north and northeast
stairs up adjacent south
vertical closed door adjacent southwest
vertical wall adjacent west
northwest room corner adjacent northwest

cursor:
Yourself a priest
(x=37, y=3)

map:
                                                                                
                                    ----------------                            
                                    |@..............                            
                                    +<.............|                            
                                    --------+-------                            
                                                                                
                                                                                
                                                                                
                                                                                
                                                                                
                                                                                
                                                                                
                                                                                
                                                                                
                                                                                
                                                                                
                                                                                
                                                                                
                                                                                
                                                                                
                                                                                
Agent the Aspirant             St:14 Dx:10 Co:14 In:12 Wi:18 Ch:7 Neutral S:0   
Dlvl:1 $:0 HP:6(14) Pw:8(8) AC:7 Xp:1/0                                         

",0.0,False
39,search,,"message:


language observation:
horizontal closed door far eastsoutheast
horizontal wall very near southeast and south
dark area very near southwest
horizontal wall adjacent north and northeast
stairs up adjacent south
vertical closed door adjacent southwest
vertical wall adjacent west
northwest room corner adjacent northwest

cursor:
Yourself a priest
(x=37, y=3)

map:
                                                                                
                                    ----------------                            
                                    |@..............                            
                                    +<.............|                            
                                    --------+-------                            
                                                                                
                                                                                
                                                                                
                                                                                
                                                                                
                                                                                
                                                                                
                                                                                
                                                                                
                                                                                
                                                                                
                                                                                
                                                                                
                                                                                
                                                                                
                                                                                
Agent the Aspirant             St:14 Dx:10 Co:14 In:12 Wi:18 Ch:7 Neutral S:0   
Dlvl:1 $:0 HP:6(14) Pw:8(8) AC:7 Xp:1/0                                         

",0.0,False
40,south,,"message:


language observation:
horizontal closed door far eastsoutheast
horizontal wall very near north and northeast
dark area very near west
horizontal wall adjacent southeast and south
southwest corner adjacent southwest
vertical closed door adjacent west
vertical wall adjacent northwest

cursor:
Yourself a priest
(x=37, y=4)

map:
                                                                                
                                    ----------------                            
                                    |...............                            
                                    +@.............|                            
                                    --------+-------                            
                                                                                
                                                                                
                                                                                
                                                                                
                                                                                
                                                                                
                                                                                
                                                                                
                                                                                
                                                                                
                                                                                
                                                                                
                                                                                
                                                                                
                                                                                
                                                                                
Agent the Aspirant             St:14 Dx:10 Co:14 In:12 Wi:18 Ch:7 Neutral S:0   
Dlvl:1 $:0 HP:6(14) Pw:8(8) AC:7 Xp:1/0                                         

",0.0,False
41,search,,"message:


language observation:
horizontal closed door far eastsoutheast
horizontal wall very near north and northeast
dark area very near west
horizontal wall adjacent southeast and south
southwest corner adjacent southwest
vertical closed door adjacent west
vertical wall adjacent northwest

cursor:
Yourself a priest
(x=37, y=4)

map:
                                                                                
                                    ----------------                            
                                    |...............                            
                                    +@.............|                            
                                    --------+-------                            
                                                                                
                                                                                
                                                                                
                                                                                
                                                                                
                                                                                
                                                                                
                                                                                
                                                                                
                                                                                
                                                                                
                                                                                
                                                                                
                                                                                
                                                                                
                                                                                
Agent the Aspirant             St:14 Dx:10 Co:14 In:12 Wi:18 Ch:7 Neutral S:0   
Dlvl:1 $:0 HP:7(14) Pw:8(8) AC:7 Xp:1/0                                         

",0.0,False
42,southwest,,"message:
It's a wall.

language observation:
horizontal closed door far eastsoutheast
horizontal wall very near north and northeast
dark area very near west
horizontal wall adjacent southeast and south
southwest corner adjacent southwest
vertical closed door adjacent west
vertical wall adjacent northwest

cursor:
Yourself a priest
(x=37, y=4)

map:
                                                                                
                                    ----------------                            
                                    |...............                            
                                    +@.............|                            
                                    --------+-------                            
                                                                                
                                                                                
                                                                                
                                                                                
                                                                                
                                                                                
                                                                                
                                                                                
                                                                                
                                                                                
                                                                                
                                                                                
                                                                                
                                                                                
                                                                                
                                                                                
Agent the Aspirant             St:14 Dx:10 Co:14 In:12 Wi:18 Ch:7 Neutral S:0   
Dlvl:1 $:0 HP:7(14) Pw:8(8) AC:7 Xp:1/0                                         

",0.0,False
43,north,,"message:


language observation:
horizontal closed door far eastsoutheast
horizontal wall very near southeast and south
dark area very near southwest
horizontal wall adjacent north and northeast
stairs up adjacent south
vertical closed door adjacent southwest
vertical wall adjacent west
northwest room corner adjacent northwest

cursor:
Yourself a priest
(x=37, y=3)

map:
                                                                                
                                    ----------------                            
                                    |@..............                            
                                    +<.............|                            
                                    --------+-------                            
                                                                                
                                                                                
                                                                                
                                                                                
                                                                                
                                                                                
                                                                                
                                                                                
                                                                                
                                                                                
                                                                                
                                                                                
                                                                                
                                                                                
                                                                                
                                                                                
Agent the Aspirant             St:14 Dx:10 Co:14 In:12 Wi:18 Ch:7 Neutral S:0   
Dlvl:1 $:0 HP:7(14) Pw:8(8) AC:7 Xp:1/0                                         

",0.0,False
44,north,,"message:
It's a wall.

language observation:
horizontal closed door far eastsoutheast
horizontal wall very near southeast and south
dark area very near southwest
horizontal wall adjacent north and northeast
stairs up adjacent south
vertical closed door adjacent southwest
vertical wall adjacent west
northwest room corner adjacent northwest

cursor:
Yourself a priest
(x=37, y=3)

map:
                                                                                
                                    ----------------                            
                                    |@..............                            
                                    +<.............|                            
                                    --------+-------                            
                                                                                
                                                                                
                                                                                
                                                                                
                                                                                
                                                                                
                                                                                
                                                                                
                                                                                
                                                                                
                                                                                
                                                                                
                                                                                
                                                                                
                                                                                
                                                                                
Agent the Aspirant             St:14 Dx:10 Co:14 In:12 Wi:18 Ch:7 Neutral S:0   
Dlvl:1 $:0 HP:7(14) Pw:8(8) AC:7 Xp:1/0                                         

",0.0,False
45,east,,"message:


language observation:
horizontal closed door far eastsoutheast
horizontal wall very near southeast and south
southwest corner very near southwest
vertical closed door very near westsouthwest
vertical wall very near west
horizontal wall adjacent north, northeast, and northwest
stairs up adjacent southwest

cursor:
Yourself a priest
(x=38, y=3)

map:
                                                                                
                                    ----------------                            
                                    |.@.............                            
                                    +<.............|                            
                                    --------+-------                            
                                                                                
                                                                                
                                                                                
                                                                                
                                                                                
                                                                                
                                                                                
                                                                                
                                                                                
                                                                                
                                                                                
                                                                                
                                                                                
                                                                                
                                                                                
                                                                                
Agent the Aspirant             St:14 Dx:10 Co:14 In:12 Wi:18 Ch:7 Neutral S:0   
Dlvl:1 $:0 HP:7(14) Pw:8(8) AC:7 Xp:1/0                                         

",0.0,False
46,southwest,,"message:


language observation:
horizontal closed door far eastsoutheast
horizontal wall very near north and northeast
dark area very near west
horizontal wall adjacent southeast and south
southwest corner adjacent southwest
vertical closed door adjacent west
vertical wall adjacent northwest

cursor:
Yourself a priest
(x=37, y=4)

map:
                                                                                
                                    ----------------                            
                                    |...............                            
                                    +@.............|                            
                                    --------+-------                            
                                                                                
                                                                                
                                                                                
                                                                                
                                                                                
                                                                                
                                                                                
                                                                                
                                                                                
                                                                                
                                                                                
                                                                                
                                                                                
                                                                                
                                                                                
                                                                                
Agent the Aspirant             St:14 Dx:10 Co:14 In:12 Wi:18 Ch:7 Neutral S:0   
Dlvl:1 $:0 HP:7(14) Pw:8(8) AC:7 Xp:1/0                                         

",0.0,False
47,east,,"message:


language observation:
horizontal closed door far eastsoutheast
dark area near west
horizontal wall very near north and northeast
vertical closed door very near west
northwest room corner very near northwest
horizontal wall adjacent southeast, south, and southwest
stairs up adjacent west

cursor:
Yourself a priest
(x=38, y=4)

map:
                                                                                
                                    ----------------                            
                                    |...............                            
                                    +<@............|                            
                                    --------+-------                            
                                                                                
                                                                                
                                                                                
                                                                                
                                                                                
                                                                                
                                                                                
                                                                                
                                                                                
                                                                                
                                                                                
                                                                                
                                                                                
                                                                                
                                                                                
                                                                                
Agent the Aspirant             St:14 Dx:10 Co:14 In:12 Wi:18 Ch:7 Neutral S:0   
Dlvl:1 $:0 HP:7(14) Pw:8(8) AC:7 Xp:1/0                                         

",0.0,False
48,west,,"message:


language observation:
horizontal closed door far eastsoutheast
horizontal wall very near north and northeast
dark area very near west
horizontal wall adjacent southeast and south
southwest corner adjacent southwest
vertical closed door adjacent west
vertical wall adjacent northwest

cursor:
Yourself a priest
(x=37, y=4)

map:
                                                                                
                                    ----------------                            
                                    |...............                            
                                    +@.............|                            
                                    --------+-------                            
                                                                                
                                                                                
                                                                                
                                                                                
                                                                                
                                                                                
                                                                                
                                                                                
                                                                                
                                                                                
                                                                                
                                                                                
                                                                                
                                                                                
                                                                                
                                                                                
Agent the Aspirant             St:14 Dx:10 Co:14 In:12 Wi:18 Ch:7 Neutral S:0   
Dlvl:1 $:0 HP:7(14) Pw:8(8) AC:7 Xp:1/0                                         

",0.0,False
49,kick,,"message:
In what direction?

language observation:
horizontal closed door far eastsoutheast
horizontal wall very near north and northeast
dark area very near west
horizontal wall adjacent southeast and south
southwest corner adjacent southwest
vertical closed door adjacent west
vertical wall adjacent northwest

cursor:

(x=19, y=0)

map:
                                                                                
                                    ----------------                            
                                    |...............                            
                                    +@.............|                            
                                    --------+-------                            
                                                                                
                                                                                
                                                                                
                                                                                
                                                                                
                                                                                
                                                                                
                                                                                
                                                                                
                                                                                
                                                                                
                                                                                
                                                                                
                                                                                
                                                                                
                                                                                
Agent the Aspirant             St:14 Dx:10 Co:14 In:12 Wi:18 Ch:7 Neutral S:0   
Dlvl:1 $:0 HP:7(14) Pw:8(8) AC:7 Xp:1/0                                         

",0.0,False
50,north,,"message:
Dumb move!  You strain a muscle.

language observation:
horizontal closed door far eastsoutheast
horizontal wall very near north and northeast
dark area very near west
horizontal wall adjacent southeast and south
southwest corner adjacent southwest
vertical closed door adjacent west
vertical wall adjacent northwest

cursor:
Yourself a priest
(x=37, y=4)

map:
                                                                                
                                    ----------------                            
                                    |...............                            
                                    +@.............|                            
                                    --------+-------                            
                                                                                
                                                                                
                                                                                
                                                                                
                                                                                
                                                                                
                                                                                
                                                                                
                                                                                
                                                                                
                                                                                
                                                                                
                                                                                
                                                                                
                                                                                
                                                                                
Agent the Aspirant             St:14 Dx:9 Co:14 In:12 Wi:18 Ch:7 Neutral S:0    
Dlvl:1 $:0 HP:7(14) Pw:8(8) AC:7 Xp:1/0                                         

",0.0,False
51,south,,"message:
It's a wall.

language observation:
horizontal closed door far eastsoutheast
horizontal wall very near north and northeast
dark area very near west
horizontal wall adjacent southeast and south
southwest corner adjacent southwest
vertical closed door adjacent west
vertical wall adjacent northwest

cursor:
Yourself a priest
(x=37, y=4)

map:
                                                                                
                                    ----------------                            
                                    |...............                            
                                    +@.............|                            
                                    --------+-------                            
                                                                                
                                                                                
                                                                                
                                                                                
                                                                                
                                                                                
                                                                                
                                                                                
                                                                                
                                                                                
                                                                                
                                                                                
                                                                                
                                                                                
                                                                                
                                                                                
Agent the Aspirant             St:14 Dx:9 Co:14 In:12 Wi:18 Ch:7 Neutral S:0    
Dlvl:1 $:0 HP:7(14) Pw:8(8) AC:7 Xp:1/0                                         

",0.0,False
52,search,,"message:


language observation:
horizontal closed door far eastsoutheast
horizontal wall very near north and northeast
dark area very near west
horizontal wall adjacent southeast and south
southwest corner adjacent southwest
vertical closed door adjacent west
vertical wall adjacent northwest

cursor:
Yourself a priest
(x=37, y=4)

map:
                                                                                
                                    ----------------                            
                                    |...............                            
                                    +@.............|                            
                                    --------+-------                            
                                                                                
                                                                                
                                                                                
                                                                                
                                                                                
                                                                                
                                                                                
                                                                                
                                                                                
                                                                                
                                                                                
                                                                                
                                                                                
                                                                                
                                                                                
                                                                                
Agent the Aspirant             St:14 Dx:9 Co:14 In:12 Wi:18 Ch:7 Neutral S:0    
Dlvl:1 $:0 HP:7(14) Pw:8(8) AC:7 Xp:1/0                                         

",0.0,False
53,search,,"message:


language observation:
horizontal closed door far eastsoutheast
horizontal wall very near north and northeast
dark area very near west
horizontal wall adjacent southeast and south
southwest corner adjacent southwest
vertical closed door adjacent west
vertical wall adjacent northwest

cursor:
Yourself a priest
(x=37, y=4)

map:
                                                                                
                                    ----------------                            
                                    |...............                            
                                    +@.............|                            
                                    --------+-------                            
                                                                                
                                                                                
                                                                                
                                                                                
                                                                                
                                                                                
                                                                                
                                                                                
                                                                                
                                                                                
                                                                                
                                                                                
                                                                                
                                                                                
                                                                                
                                                                                
Agent the Aspirant             St:14 Dx:9 Co:14 In:12 Wi:18 Ch:7 Neutral S:0    
Dlvl:1 $:0 HP:7(14) Pw:8(8) AC:7 Xp:1/0                                         

",0.0,False
54,north,,"message:


language observation:
horizontal closed door far eastsoutheast
horizontal wall very near southeast and south
dark area very near southwest
horizontal wall adjacent north and northeast
stairs up adjacent south
vertical closed door adjacent southwest
vertical wall adjacent west
northwest room corner adjacent northwest

cursor:
Yourself a priest
(x=37, y=3)

map:
                                                                                
                                    ----------------                            
                                    |@..............                            
                                    +<.............|                            
                                    --------+-------                            
                                                                                
                                                                                
                                                                                
                                                                                
                                                                                
                                                                                
                                                                                
                                                                                
                                                                                
                                                                                
                                                                                
                                                                                
                                                                                
                                                                                
                                                                                
                                                                                
Agent the Aspirant             St:14 Dx:9 Co:14 In:12 Wi:18 Ch:7 Neutral S:0    
Dlvl:1 $:0 HP:7(14) Pw:8(8) AC:7 Xp:1/0                                         

",0.0,False
55,east,,"message:


language observation:
horizontal closed door far eastsoutheast
horizontal wall very near southeast and south
southwest corner very near southwest
vertical closed door very near westsouthwest
vertical wall very near west
horizontal wall adjacent north, northeast, and northwest
stairs up adjacent southwest

cursor:
Yourself a priest
(x=38, y=3)

map:
                                                                                
                                    ----------------                            
                                    |.@.............                            
                                    +<.............|                            
                                    --------+-------                            
                                                                                
                                                                                
                                                                                
                                                                                
                                                                                
                                                                                
                                                                                
                                                                                
                                                                                
                                                                                
                                                                                
                                                                                
                                                                                
                                                                                
                                                                                
                                                                                
Agent the Aspirant             St:14 Dx:9 Co:14 In:12 Wi:18 Ch:7 Neutral S:0    
Dlvl:1 $:0 HP:7(14) Pw:8(8) AC:7 Xp:1/0                                         

",0.0,False
56,kick,,"message:


language observation:
horizontal closed door far eastsoutheast
horizontal wall very near southeast and south
southwest corner very near southwest
vertical closed door very near westsouthwest
vertical wall very near west
horizontal wall adjacent north, northeast, and northwest
stairs up adjacent southwest

cursor:
Yourself a priest
(x=38, y=3)

map:
                                                                                
                                    ----------------                            
                                    |.@.............                            
                                    +<.............|                            
                                    --------+-------                            
                                                                                
                                                                                
                                                                                
                                                                                
                                                                                
                                                                                
                                                                                
                                                                                
                                                                                
                                                                                
                                                                                
                                                                                
                                                                                
                                                                                
                                                                                
                                                                                
Agent the Aspirant             St:14 Dx:9 Co:14 In:12 Wi:18 Ch:7 Neutral S:0    
Dlvl:1 $:0 HP:7(14) Pw:8(8) AC:7 Xp:1/0                                         

",0.0,False
57,south,,"message:


language observation:
horizontal closed door far eastsoutheast
dark area near west
horizontal wall very near north and northeast
vertical closed door very near west
northwest room corner very near northwest
horizontal wall adjacent southeast, south, and southwest
stairs up adjacent west

cursor:
Yourself a priest
(x=38, y=4)

map:
                                                                                
                                    ----------------                            
                                    |...............                            
                                    +<@............|                            
                                    --------+-------                            
                                                                                
                                                                                
                                                                                
                                                                                
                                                                                
                                                                                
                                                                                
                                                                                
                                                                                
                                                                                
                                                                                
                                                                                
                                                                                
                                                                                
                                                                                
                                                                                
Agent the Aspirant             St:14 Dx:9 Co:14 In:12 Wi:18 Ch:7 Neutral S:0    
Dlvl:1 $:0 HP:7(14) Pw:8(8) AC:7 Xp:1/0                                         

",0.0,False
58,northwest,,"message:


language observation:
horizontal closed door far eastsoutheast
horizontal wall very near southeast and south
dark area very near southwest
horizontal wall adjacent north and northeast
stairs up adjacent south
vertical closed door adjacent southwest
vertical wall adjacent west
northwest room corner adjacent northwest

cursor:
Yourself a priest
(x=37, y=3)

map:
                                                                                
                                    ----------------                            
                                    |@..............                            
                                    +<.............|                            
                                    --------+-------                            
                                                                                
                                                                                
                                                                                
                                                                                
                                                                                
                                                                                
                                                                                
                                                                                
                                                                                
                                                                                
                                                                                
                                                                                
                                                                                
                                                                                
                                                                                
                                                                                
Agent the Aspirant             St:14 Dx:9 Co:14 In:12 Wi:18 Ch:7 Neutral S:0    
Dlvl:1 $:0 HP:7(14) Pw:8(8) AC:7 Xp:1/0                                         

",0.0,False
59,southwest,,"message:
The door resists!

language observation:
horizontal closed door far eastsoutheast
horizontal wall very near southeast and south
dark area very near southwest
horizontal wall adjacent north and northeast
stairs up adjacent south
vertical closed door adjacent southwest
vertical wall adjacent west
northwest room corner adjacent northwest

cursor:
Yourself a priest
(x=37, y=3)

map:
                                                                                
                                    ----------------                            
                                    |@..............                            
                                    +<.............|                            
                                    --------+-------                            
                                                                                
                                                                                
                                                                                
                                                                                
                                                                                
                                                                                
                                                                                
                                                                                
                                                                                
                                                                                
                                                                                
                                                                                
                                                                                
                                                                                
                                                                                
                                                                                
Agent the Aspirant             St:14 Dx:9 Co:14 In:12 Wi:18 Ch:7 Neutral S:0    
Dlvl:1 $:0 HP:7(14) Pw:8(8) AC:7 Xp:1/0                                         

",0.0,False
60,kick,,"message:


language observation:
horizontal closed door far eastsoutheast
horizontal wall very near southeast and south
dark area very near southwest
horizontal wall adjacent north and northeast
stairs up adjacent south
vertical closed door adjacent southwest
vertical wall adjacent west
northwest room corner adjacent northwest

cursor:
Yourself a priest
(x=37, y=3)

map:
                                                                                
                                    ----------------                            
                                    |@..............                            
                                    +<.............|                            
                                    --------+-------                            
                                                                                
                                                                                
                                                                                
                                                                                
                                                                                
                                                                                
                                                                                
                                                                                
                                                                                
                                                                                
                                                                                
                                                                                
                                                                                
                                                                                
                                                                                
                                                                                
Agent the Aspirant             St:14 Dx:9 Co:14 In:12 Wi:18 Ch:7 Neutral S:0    
Dlvl:1 $:0 HP:7(14) Pw:8(8) AC:7 Xp:1/0                                         

",0.0,False
61,north,,"message:
It's a wall.

language observation:
horizontal closed door far eastsoutheast
horizontal wall very near southeast and south
dark area very near southwest
horizontal wall adjacent north and northeast
stairs up adjacent south
vertical closed door adjacent southwest
vertical wall adjacent west
northwest room corner adjacent northwest

cursor:
Yourself a priest
(x=37, y=3)

map:
                                                                                
                                    ----------------                            
                                    |@..............                            
                                    +<.............|                            
                                    --------+-------                            
                                                                                
                                                                                
                                                                                
                                                                                
                                                                                
                                                                                
                                                                                
                                                                                
                                                                                
                                                                                
                                                                                
                                                                                
                                                                                
                                                                                
                                                                                
                                                                                
Agent the Aspirant             St:14 Dx:9 Co:14 In:12 Wi:18 Ch:7 Neutral S:0    
Dlvl:1 $:0 HP:7(14) Pw:8(8) AC:7 Xp:1/0                                         

",0.0,False
62,south,,"message:


language observation:
horizontal closed door far eastsoutheast
horizontal wall very near north and northeast
dark area very near west
horizontal wall adjacent southeast and south
southwest corner adjacent southwest
vertical closed door adjacent west
vertical wall adjacent northwest

cursor:
Yourself a priest
(x=37, y=4)

map:
                                                                                
                                    ----------------                            
                                    |...............                            
                                    +@.............|                            
                                    --------+-------                            
                                                                                
                                                                                
                                                                                
                                                                                
                                                                                
                                                                                
                                                                                
                                                                                
                                                                                
                                                                                
                                                                                
                                                                                
                                                                                
                                                                                
                                                                                
                                                                                
Agent the Aspirant             St:14 Dx:9 Co:14 In:12 Wi:18 Ch:7 Neutral S:0    
Dlvl:1 $:0 HP:7(14) Pw:8(8) AC:7 Xp:1/0                                         

",0.0,False
63,southwest,,"message:
It's a wall.

language observation:
horizontal closed door far eastsoutheast
horizontal wall very near north and northeast
dark area very near west
horizontal wall adjacent southeast and south
southwest corner adjacent southwest
vertical closed door adjacent west
vertical wall adjacent northwest

cursor:
Yourself a priest
(x=37, y=4)

map:
                                                                                
                                    ----------------                            
                                    |...............                            
                                    +@.............|                            
                                    --------+-------                            
                                                                                
                                                                                
                                                                                
                                                                                
                                                                                
                                                                                
                                                                                
                                                                                
                                                                                
                                                                                
                                                                                
                                                                                
                                                                                
                                                                                
                                                                                
                                                                                
Agent the Aspirant             St:14 Dx:9 Co:14 In:12 Wi:18 Ch:7 Neutral S:0    
Dlvl:1 $:0 HP:7(14) Pw:8(8) AC:7 Xp:1/0                                         

",0.0,False
64,kick,,"message:


language observation:
horizontal closed door far eastsoutheast
horizontal wall very near north and northeast
dark area very near west
horizontal wall adjacent southeast and south
southwest corner adjacent southwest
vertical closed door adjacent west
vertical wall adjacent northwest

cursor:
Yourself a priest
(x=37, y=4)

map:
                                                                                
                                    ----------------                            
                                    |...............                            
                                    +@.............|                            
                                    --------+-------                            
                                                                                
                                                                                
                                                                                
                                                                                
                                                                                
                                                                                
                                                                                
                                                                                
                                                                                
                                                                                
                                                                                
                                                                                
                                                                                
                                                                                
                                                                                
                                                                                
Agent the Aspirant             St:14 Dx:9 Co:14 In:12 Wi:18 Ch:7 Neutral S:0    
Dlvl:1 $:0 HP:7(14) Pw:8(8) AC:7 Xp:1/0                                         

",0.0,False
65,north,,"message:
Your leg feels better.

language observation:
horizontal closed door far eastsoutheast
horizontal wall very near southeast and south
dark area very near southwest
horizontal wall adjacent north and northeast
stairs up adjacent south
vertical closed door adjacent southwest
vertical wall adjacent west
northwest room corner adjacent northwest

cursor:
Yourself a priest
(x=37, y=3)

map:
                                                                                
                                    ----------------                            
                                    |@..............                            
                                    +<.............|                            
                                    --------+-------                            
                                                                                
                                                                                
                                                                                
                                                                                
                                                                                
                                                                                
                                                                                
                                                                                
                                                                                
                                                                                
                                                                                
                                                                                
                                                                                
                                                                                
                                                                                
                                                                                
Agent the Aspirant             St:14 Dx:10 Co:14 In:12 Wi:18 Ch:7 Neutral S:0   
Dlvl:1 $:0 HP:8(14) Pw:8(8) AC:7 Xp:1/0                                         

",0.0,False
66,northwest,,"message:
It's a wall.

language observation:
horizontal closed door far eastsoutheast
horizontal wall very near southeast and south
dark area very near southwest
horizontal wall adjacent north and northeast
stairs up adjacent south
vertical closed door adjacent southwest
vertical wall adjacent west
northwest room corner adjacent northwest

cursor:
Yourself a priest
(x=37, y=3)

map:
                                                                                
                                    ----------------                            
                                    |@..............                            
                                    +<.............|                            
                                    --------+-------                            
                                                                                
                                                                                
                                                                                
                                                                                
                                                                                
                                                                                
                                                                                
                                                                                
                                                                                
                                                                                
                                                                                
                                                                                
                                                                                
                                                                                
                                                                                
                                                                                
Agent the Aspirant             St:14 Dx:10 Co:14 In:12 Wi:18 Ch:7 Neutral S:0   
Dlvl:1 $:0 HP:8(14) Pw:8(8) AC:7 Xp:1/0                                         

",0.0,False
67,search,,"message:


language observation:
horizontal closed door far eastsoutheast
horizontal wall very near southeast and south
dark area very near southwest
horizontal wall adjacent north and northeast
stairs up adjacent south
vertical closed door adjacent southwest
vertical wall adjacent west
northwest room corner adjacent northwest

cursor:
Yourself a priest
(x=37, y=3)

map:
                                                                                
                                    ----------------                            
                                    |@..............                            
                                    +<.............|                            
                                    --------+-------                            
                                                                                
                                                                                
                                                                                
                                                                                
                                                                                
                                                                                
                                                                                
                                                                                
                                                                                
                                                                                
                                                                                
                                                                                
                                                                                
                                                                                
                                                                                
                                                                                
Agent the Aspirant             St:14 Dx:10 Co:14 In:12 Wi:18 Ch:7 Neutral S:0   
Dlvl:1 $:0 HP:8(14) Pw:8(8) AC:7 Xp:1/0                                         

",0.0,False
68,south,,"message:


language observation:
horizontal closed door far eastsoutheast
horizontal wall very near north and northeast
dark area very near west
horizontal wall adjacent southeast and south
southwest corner adjacent southwest
vertical closed door adjacent west
vertical wall adjacent northwest

cursor:
Yourself a priest
(x=37, y=4)

map:
                                                                                
                                    ----------------                            
                                    |...............                            
                                    +@.............|                            
                                    --------+-------                            
                                                                                
                                                                                
                                                                                
                                                                                
                                                                                
                                                                                
                                                                                
                                                                                
                                                                                
                                                                                
                                                                                
                                                                                
                                                                                
                                                                                
                                                                                
                                                                                
Agent the Aspirant             St:14 Dx:10 Co:14 In:12 Wi:18 Ch:7 Neutral S:0   
Dlvl:1 $:0 HP:8(14) Pw:8(8) AC:7 Xp:1/0                                         

",0.0,False
69,southwest,,"message:
It's a wall.

language observation:
horizontal closed door far eastsoutheast
horizontal wall very near north and northeast
dark area very near west
horizontal wall adjacent southeast and south
southwest corner adjacent southwest
vertical closed door adjacent west
vertical wall adjacent northwest

cursor:
Yourself a priest
(x=37, y=4)

map:
                                                                                
                                    ----------------                            
                                    |...............                            
                                    +@.............|                            
                                    --------+-------                            
                                                                                
                                                                                
                                                                                
                                                                                
                                                                                
                                                                                
                                                                                
                                                                                
                                                                                
                                                                                
                                                                                
                                                                                
                                                                                
                                                                                
                                                                                
                                                                                
Agent the Aspirant             St:14 Dx:10 Co:14 In:12 Wi:18 Ch:7 Neutral S:0   
Dlvl:1 $:0 HP:8(14) Pw:8(8) AC:7 Xp:1/0                                         

",0.0,False
70,search,,"message:


language observation:
horizontal closed door far eastsoutheast
horizontal wall very near north and northeast
dark area very near west
horizontal wall adjacent southeast and south
southwest corner adjacent southwest
vertical closed door adjacent west
vertical wall adjacent northwest

cursor:
Yourself a priest
(x=37, y=4)

map:
                                                                                
                                    ----------------                            
                                    |...............                            
                                    +@.............|                            
                                    --------+-------                            
                                                                                
                                                                                
                                                                                
                                                                                
                                                                                
                                                                                
                                                                                
                                                                                
                                                                                
                                                                                
                                                                                
                                                                                
                                                                                
                                                                                
                                                                                
                                                                                
Agent the Aspirant             St:14 Dx:10 Co:14 In:12 Wi:18 Ch:7 Neutral S:0   
Dlvl:1 $:0 HP:8(14) Pw:8(8) AC:7 Xp:1/0                                         

",0.0,False
71,search,,"message:


language observation:
horizontal closed door far eastsoutheast
horizontal wall very near north and northeast
dark area very near west
horizontal wall adjacent southeast and south
southwest corner adjacent southwest
vertical closed door adjacent west
vertical wall adjacent northwest

cursor:
Yourself a priest
(x=37, y=4)

map:
                                                                                
                                    ----------------                            
                                    |...............                            
                                    +@.............|                            
                                    --------+-------                            
                                                                                
                                                                                
                                                                                
                                                                                
                                                                                
                                                                                
                                                                                
                                                                                
                                                                                
                                                                                
                                                                                
                                                                                
                                                                                
                                                                                
                                                                                
                                                                                
Agent the Aspirant             St:14 Dx:10 Co:14 In:12 Wi:18 Ch:7 Neutral S:0   
Dlvl:1 $:0 HP:8(14) Pw:8(8) AC:7 Xp:1/0                                         

",0.0,False
72,search,,"message:


language observation:
horizontal closed door far eastsoutheast
horizontal wall very near north and northeast
dark area very near west
horizontal wall adjacent southeast and south
southwest corner adjacent southwest
vertical closed door adjacent west
vertical wall adjacent northwest

cursor:
Yourself a priest
(x=37, y=4)

map:
                                                                                
                                    ----------------                            
                                    |...............                            
                                    +@.............|                            
                                    --------+-------                            
                                                                                
                                                                                
                                                                                
                                                                                
                                                                                
                                                                                
                                                                                
                                                                                
                                                                                
                                                                                
                                                                                
                                                                                
                                                                                
                                                                                
                                                                                
                                                                                
Agent the Aspirant             St:14 Dx:10 Co:14 In:12 Wi:18 Ch:7 Neutral S:0   
Dlvl:1 $:0 HP:8(14) Pw:8(8) AC:7 Xp:1/0                                         

",0.0,False
73,east,,"message:


language observation:
horizontal closed door far eastsoutheast
dark area near west
horizontal wall very near north and northeast
vertical closed door very near west
northwest room corner very near northwest
horizontal wall adjacent southeast, south, and southwest
stairs up adjacent west

cursor:
Yourself a priest
(x=38, y=4)

map:
                                                                                
                                    ----------------                            
                                    |...............                            
                                    +<@............|                            
                                    --------+-------                            
                                                                                
                                                                                
                                                                                
                                                                                
                                                                                
                                                                                
                                                                                
                                                                                
                                                                                
                                                                                
                                                                                
                                                                                
                                                                                
                                                                                
                                                                                
                                                                                
Agent the Aspirant             St:14 Dx:10 Co:14 In:12 Wi:18 Ch:7 Neutral S:0   
Dlvl:1 $:0 HP:8(14) Pw:8(8) AC:7 Xp:1/0                                         

",0.0,False
74,southwest,,"message:
It's a wall.

language observation:
horizontal closed door far eastsoutheast
dark area near west
horizontal wall very near north and northeast
vertical closed door very near west
northwest room corner very near northwest
horizontal wall adjacent southeast, south, and southwest
stairs up adjacent west

cursor:
Yourself a priest
(x=38, y=4)

map:
                                                                                
                                    ----------------                            
                                    |...............                            
                                    +<@............|                            
                                    --------+-------                            
                                                                                
                                                                                
                                                                                
                                                                                
                                                                                
                                                                                
                                                                                
                                                                                
                                                                                
                                                                                
                                                                                
                                                                                
                                                                                
                                                                                
                                                                                
                                                                                
Agent the Aspirant             St:14 Dx:10 Co:14 In:12 Wi:18 Ch:7 Neutral S:0   
Dlvl:1 $:0 HP:8(14) Pw:8(8) AC:7 Xp:1/0                                         

",0.0,False
75,west,,"message:


language observation:
horizontal closed door far eastsoutheast
horizontal wall very near north and northeast
dark area very near west
horizontal wall adjacent southeast and south
southwest corner adjacent southwest
vertical closed door adjacent west
vertical wall adjacent northwest

cursor:
Yourself a priest
(x=37, y=4)

map:
                                                                                
                                    ----------------                            
                                    |...............                            
                                    +@.............|                            
                                    --------+-------                            
                                                                                
                                                                                
                                                                                
                                                                                
                                                                                
                                                                                
                                                                                
                                                                                
                                                                                
                                                                                
                                                                                
                                                                                
                                                                                
                                                                                
                                                                                
                                                                                
Agent the Aspirant             St:14 Dx:10 Co:14 In:12 Wi:18 Ch:7 Neutral S:0   
Dlvl:1 $:0 HP:8(14) Pw:8(8) AC:7 Xp:1/0                                         

",0.0,False
76,east,,"message:


language observation:
horizontal closed door far eastsoutheast
dark area near west
horizontal wall very near north and northeast
vertical closed door very near west
northwest room corner very near northwest
horizontal wall adjacent southeast, south, and southwest
stairs up adjacent west

cursor:
Yourself a priest
(x=38, y=4)

map:
                                                                                
                                    ----------------                            
                                    |...............                            
                                    +<@............|                            
                                    --------+-------                            
                                                                                
                                                                                
                                                                                
                                                                                
                                                                                
                                                                                
                                                                                
                                                                                
                                                                                
                                                                                
                                                                                
                                                                                
                                                                                
                                                                                
                                                                                
                                                                                
Agent the Aspirant             St:14 Dx:10 Co:14 In:12 Wi:18 Ch:7 Neutral S:0   
Dlvl:1 $:0 HP:8(14) Pw:8(8) AC:7 Xp:1/0                                         

",0.0,False
77,search,,"message:


language observation:
horizontal closed door far eastsoutheast
dark area near west
horizontal wall very near north and northeast
vertical closed door very near west
northwest room corner very near northwest
horizontal wall adjacent southeast, south, and southwest
stairs up adjacent west

cursor:
Yourself a priest
(x=38, y=4)

map:
                                                                                
                                    ----------------                            
                                    |...............                            
                                    +<@............|                            
                                    --------+-------                            
                                                                                
                                                                                
                                                                                
                                                                                
                                                                                
                                                                                
                                                                                
                                                                                
                                                                                
                                                                                
                                                                                
                                                                                
                                                                                
                                                                                
                                                                                
                                                                                
Agent the Aspirant             St:14 Dx:10 Co:14 In:12 Wi:18 Ch:7 Neutral S:0   
Dlvl:1 $:0 HP:8(14) Pw:8(8) AC:7 Xp:1/0                                         

",0.0,False
78,south,,"message:
It's a wall.

language observation:
horizontal closed door far eastsoutheast
dark area near west
horizontal wall very near north and northeast
vertical closed door very near west
northwest room corner very near northwest
horizontal wall adjacent southeast, south, and southwest
stairs up adjacent west

cursor:
Yourself a priest
(x=38, y=4)

map:
                                                                                
                                    ----------------                            
                                    |...............                            
                                    +<@............|                            
                                    --------+-------                            
                                                                                
                                                                                
                                                                                
                                                                                
                                                                                
                                                                                
                                                                                
                                                                                
                                                                                
                                                                                
                                                                                
                                                                                
                                                                                
                                                                                
                                                                                
                                                                                
Agent the Aspirant             St:14 Dx:10 Co:14 In:12 Wi:18 Ch:7 Neutral S:0   
Dlvl:1 $:0 HP:8(14) Pw:8(8) AC:7 Xp:1/0                                         

",0.0,False
79,southwest,,"message:
It's a wall.

language observation:
horizontal closed door far eastsoutheast
dark area near west
horizontal wall very near north and northeast
vertical closed door very near west
northwest room corner very near northwest
horizontal wall adjacent southeast, south, and southwest
stairs up adjacent west

cursor:
Yourself a priest
(x=38, y=4)

map:
                                                                                
                                    ----------------                            
                                    |...............                            
                                    +<@............|                            
                                    --------+-------                            
                                                                                
                                                                                
                                                                                
                                                                                
                                                                                
                                                                                
                                                                                
                                                                                
                                                                                
                                                                                
                                                                                
                                                                                
                                                                                
                                                                                
                                                                                
                                                                                
Agent the Aspirant             St:14 Dx:10 Co:14 In:12 Wi:18 Ch:7 Neutral S:0   
Dlvl:1 $:0 HP:8(14) Pw:8(8) AC:7 Xp:1/0                                         

",0.0,False
80,south,,"message:
It's a wall.

language observation:
horizontal closed door far eastsoutheast
dark area near west
horizontal wall very near north and northeast
vertical closed door very near west
northwest room corner very near northwest
horizontal wall adjacent southeast, south, and southwest
stairs up adjacent west

cursor:
Yourself a priest
(x=38, y=4)

map:
                                                                                
                                    ----------------                            
                                    |...............                            
                                    +<@............|                            
                                    --------+-------                            
                                                                                
                                                                                
                                                                                
                                                                                
                                                                                
                                                                                
                                                                                
                                                                                
                                                                                
                                                                                
                                                                                
                                                                                
                                                                                
                                                                                
                                                                                
                                                                                
Agent the Aspirant             St:14 Dx:10 Co:14 In:12 Wi:18 Ch:7 Neutral S:0   
Dlvl:1 $:0 HP:8(14) Pw:8(8) AC:7 Xp:1/0                                         

",0.0,False
81,west,,"message:


language observation:
horizontal closed door far eastsoutheast
horizontal wall very near north and northeast
dark area very near west
horizontal wall adjacent southeast and south
southwest corner adjacent southwest
vertical closed door adjacent west
vertical wall adjacent northwest

cursor:
Yourself a priest
(x=37, y=4)

map:
                                                                                
                                    ----------------                            
                                    |...............                            
                                    +@.............|                            
                                    --------+-------                            
                                                                                
                                                                                
                                                                                
                                                                                
                                                                                
                                                                                
                                                                                
                                                                                
                                                                                
                                                                                
                                                                                
                                                                                
                                                                                
                                                                                
                                                                                
                                                                                
Agent the Aspirant             St:14 Dx:10 Co:14 In:12 Wi:18 Ch:7 Neutral S:0   
Dlvl:1 $:0 HP:8(14) Pw:8(8) AC:7 Xp:1/0                                         

",0.0,False
82,kick,,"message:
In what direction?

language observation:
horizontal closed door far eastsoutheast
horizontal wall very near north and northeast
dark area very near west
horizontal wall adjacent southeast and south
southwest corner adjacent southwest
vertical closed door adjacent west
vertical wall adjacent northwest

cursor:

(x=19, y=0)

map:
                                                                                
                                    ----------------                            
                                    |...............                            
                                    +@.............|                            
                                    --------+-------                            
                                                                                
                                                                                
                                                                                
                                                                                
                                                                                
                                                                                
                                                                                
                                                                                
                                                                                
                                                                                
                                                                                
                                                                                
                                                                                
                                                                                
                                                                                
                                                                                
Agent the Aspirant             St:14 Dx:10 Co:14 In:12 Wi:18 Ch:7 Neutral S:0   
Dlvl:1 $:0 HP:8(14) Pw:8(8) AC:7 Xp:1/0                                         

",0.0,False
83,south,,"message:
Ouch!  That hurts!

language observation:
horizontal closed door far eastsoutheast
horizontal wall very near north and northeast
dark area very near west
horizontal wall adjacent southeast and south
southwest corner adjacent southwest
vertical closed door adjacent west
vertical wall adjacent northwest

cursor:
Yourself a priest
(x=37, y=4)

map:
                                                                                
                                    ----------------                            
                                    |...............                            
                                    +@.............|                            
                                    --------+-------                            
                                                                                
                                                                                
                                                                                
                                                                                
                                                                                
                                                                                
                                                                                
                                                                                
                                                                                
                                                                                
                                                                                
                                                                                
                                                                                
                                                                                
                                                                                
                                                                                
Agent the Aspirant             St:14 Dx:10 Co:14 In:12 Wi:18 Ch:7 Neutral S:0   
Dlvl:1 $:0 HP:4(14) Pw:8(8) AC:7 Xp:1/0                                         

",0.0,False
84,search,,"message:


language observation:
horizontal closed door far eastsoutheast
horizontal wall very near north and northeast
dark area very near west
horizontal wall adjacent southeast and south
southwest corner adjacent southwest
vertical closed door adjacent west
vertical wall adjacent northwest

cursor:
Yourself a priest
(x=37, y=4)

map:
                                                                                
                                    ----------------                            
                                    |...............                            
                                    +@.............|                            
                                    --------+-------                            
                                                                                
                                                                                
                                                                                
                                                                                
                                                                                
                                                                                
                                                                                
                                                                                
                                                                                
                                                                                
                                                                                
                                                                                
                                                                                
                                                                                
                                                                                
                                                                                
Agent the Aspirant             St:14 Dx:10 Co:14 In:12 Wi:18 Ch:7 Neutral S:0   
Dlvl:1 $:0 HP:4(14) Pw:8(8) AC:7 Xp:1/0                                         

",0.0,False
85,south,,"message:
It's a wall.

language observation:
horizontal closed door far eastsoutheast
horizontal wall very near north and northeast
dark area very near west
horizontal wall adjacent southeast and south
southwest corner adjacent southwest
vertical closed door adjacent west
vertical wall adjacent northwest

cursor:
Yourself a priest
(x=37, y=4)

map:
                                                                                
                                    ----------------                            
                                    |...............                            
                                    +@.............|                            
                                    --------+-------                            
                                                                                
                                                                                
                                                                                
                                                                                
                                                                                
                                                                                
                                                                                
                                                                                
                                                                                
                                                                                
                                                                                
                                                                                
                                                                                
                                                                                
                                                                                
                                                                                
Agent the Aspirant             St:14 Dx:10 Co:14 In:12 Wi:18 Ch:7 Neutral S:0   
Dlvl:1 $:0 HP:4(14) Pw:8(8) AC:7 Xp:1/0                                         

",0.0,False
86,southwest,,"message:
It's a wall.

language observation:
horizontal closed door far eastsoutheast
horizontal wall very near north and northeast
dark area very near west
horizontal wall adjacent southeast and south
southwest corner adjacent southwest
vertical closed door adjacent west
vertical wall adjacent northwest

cursor:
Yourself a priest
(x=37, y=4)

map:
                                                                                
                                    ----------------                            
                                    |...............                            
                                    +@.............|                            
                                    --------+-------                            
                                                                                
                                                                                
                                                                                
                                                                                
                                                                                
                                                                                
                                                                                
                                                                                
                                                                                
                                                                                
                                                                                
                                                                                
                                                                                
                                                                                
                                                                                
                                                                                
Agent the Aspirant             St:14 Dx:10 Co:14 In:12 Wi:18 Ch:7 Neutral S:0   
Dlvl:1 $:0 HP:4(14) Pw:8(8) AC:7 Xp:1/0                                         

",0.0,False
87,north,,"message:


language observation:
horizontal closed door far eastsoutheast
horizontal wall very near southeast and south
dark area very near southwest
horizontal wall adjacent north and northeast
stairs up adjacent south
vertical closed door adjacent southwest
vertical wall adjacent west
northwest room corner adjacent northwest

cursor:
Yourself a priest
(x=37, y=3)

map:
                                                                                
                                    ----------------                            
                                    |@..............                            
                                    +<.............|                            
                                    --------+-------                            
                                                                                
                                                                                
                                                                                
                                                                                
                                                                                
                                                                                
                                                                                
                                                                                
                                                                                
                                                                                
                                                                                
                                                                                
                                                                                
                                                                                
                                                                                
                                                                                
Agent the Aspirant             St:14 Dx:10 Co:14 In:12 Wi:18 Ch:7 Neutral S:0   
Dlvl:1 $:0 HP:4(14) Pw:8(8) AC:7 Xp:1/0                                         

",0.0,False
88,search,,"message:


language observation:
horizontal closed door far eastsoutheast
horizontal wall very near southeast and south
dark area very near southwest
horizontal wall adjacent north and northeast
stairs up adjacent south
vertical closed door adjacent southwest
vertical wall adjacent west
northwest room corner adjacent northwest

cursor:
Yourself a priest
(x=37, y=3)

map:
                                                                                
                                    ----------------                            
                                    |@..............                            
                                    +<.............|                            
                                    --------+-------                            
                                                                                
                                                                                
                                                                                
                                                                                
                                                                                
                                                                                
                                                                                
                                                                                
                                                                                
                                                                                
                                                                                
                                                                                
                                                                                
                                                                                
                                                                                
                                                                                
Agent the Aspirant             St:14 Dx:10 Co:14 In:12 Wi:18 Ch:7 Neutral S:0   
Dlvl:1 $:0 HP:4(14) Pw:8(8) AC:7 Xp:1/0                                         

",0.0,False
89,south,,"message:


language observation:
horizontal closed door far eastsoutheast
horizontal wall very near north and northeast
dark area very near west
horizontal wall adjacent southeast and south
southwest corner adjacent southwest
vertical closed door adjacent west
vertical wall adjacent northwest

cursor:
Yourself a priest
(x=37, y=4)

map:
                                                                                
                                    ----------------                            
                                    |...............                            
                                    +@.............|                            
                                    --------+-------                            
                                                                                
                                                                                
                                                                                
                                                                                
                                                                                
                                                                                
                                                                                
                                                                                
                                                                                
                                                                                
                                                                                
                                                                                
                                                                                
                                                                                
                                                                                
                                                                                
Agent the Aspirant             St:14 Dx:10 Co:14 In:12 Wi:18 Ch:7 Neutral S:0   
Dlvl:1 $:0 HP:5(14) Pw:8(8) AC:7 Xp:1/0                                         

",0.0,False
90,northwest,,"message:
It's a wall.

language observation:
horizontal closed door far eastsoutheast
horizontal wall very near north and northeast
dark area very near west
horizontal wall adjacent southeast and south
southwest corner adjacent southwest
vertical closed door adjacent west
vertical wall adjacent northwest

cursor:
Yourself a priest
(x=37, y=4)

map:
                                                                                
                                    ----------------                            
                                    |...............                            
                                    +@.............|                            
                                    --------+-------                            
                                                                                
                                                                                
                                                                                
                                                                                
                                                                                
                                                                                
                                                                                
                                                                                
                                                                                
                                                                                
                                                                                
                                                                                
                                                                                
                                                                                
                                                                                
                                                                                
Agent the Aspirant             St:14 Dx:10 Co:14 In:12 Wi:18 Ch:7 Neutral S:0   
Dlvl:1 $:0 HP:5(14) Pw:8(8) AC:7 Xp:1/0                                         

",0.0,False
91,search,,"message:


language observation:
horizontal closed door far eastsoutheast
horizontal wall very near north and northeast
dark area very near west
horizontal wall adjacent southeast and south
southwest corner adjacent southwest
vertical closed door adjacent west
vertical wall adjacent northwest

cursor:
Yourself a priest
(x=37, y=4)

map:
                                                                                
                                    ----------------                            
                                    |...............                            
                                    +@.............|                            
                                    --------+-------                            
                                                                                
                                                                                
                                                                                
                                                                                
                                                                                
                                                                                
                                                                                
                                                                                
                                                                                
                                                                                
                                                                                
                                                                                
                                                                                
                                                                                
                                                                                
                                                                                
Agent the Aspirant             St:14 Dx:10 Co:14 In:12 Wi:18 Ch:7 Neutral S:0   
Dlvl:1 $:0 HP:5(14) Pw:8(8) AC:7 Xp:1/0                                         

",0.0,False
92,southwest,,"message:
It's a wall.

language observation:
horizontal closed door far eastsoutheast
horizontal wall very near north and northeast
dark area very near west
horizontal wall adjacent southeast and south
southwest corner adjacent southwest
vertical closed door adjacent west
vertical wall adjacent northwest

cursor:
Yourself a priest
(x=37, y=4)

map:
                                                                                
                                    ----------------                            
                                    |...............                            
                                    +@.............|                            
                                    --------+-------                            
                                                                                
                                                                                
                                                                                
                                                                                
                                                                                
                                                                                
                                                                                
                                                                                
                                                                                
                                                                                
                                                                                
                                                                                
                                                                                
                                                                                
                                                                                
                                                                                
Agent the Aspirant             St:14 Dx:10 Co:14 In:12 Wi:18 Ch:7 Neutral S:0   
Dlvl:1 $:0 HP:5(14) Pw:8(8) AC:7 Xp:1/0                                         

",0.0,False
93,northwest,,"message:
It's a wall.

language observation:
horizontal closed door far eastsoutheast
horizontal wall very near north and northeast
dark area very near west
horizontal wall adjacent southeast and south
southwest corner adjacent southwest
vertical closed door adjacent west
vertical wall adjacent northwest

cursor:
Yourself a priest
(x=37, y=4)

map:
                                                                                
                                    ----------------                            
                                    |...............                            
                                    +@.............|                            
                                    --------+-------                            
                                                                                
                                                                                
                                                                                
                                                                                
                                                                                
                                                                                
                                                                                
                                                                                
                                                                                
                                                                                
                                                                                
                                                                                
                                                                                
                                                                                
                                                                                
                                                                                
Agent the Aspirant             St:14 Dx:10 Co:14 In:12 Wi:18 Ch:7 Neutral S:0   
Dlvl:1 $:0 HP:5(14) Pw:8(8) AC:7 Xp:1/0                                         

",0.0,False
94,east,,"message:


language observation:
horizontal closed door far eastsoutheast
dark area near west
horizontal wall very near north and northeast
vertical closed door very near west
northwest room corner very near northwest
horizontal wall adjacent southeast, south, and southwest
stairs up adjacent west

cursor:
Yourself a priest
(x=38, y=4)

map:
                                                                                
                                    ----------------                            
                                    |...............                            
                                    +<@............|                            
                                    --------+-------                            
                                                                                
                                                                                
                                                                                
                                                                                
                                                                                
                                                                                
                                                                                
                                                                                
                                                                                
                                                                                
                                                                                
                                                                                
                                                                                
                                                                                
                                                                                
                                                                                
Agent the Aspirant             St:14 Dx:10 Co:14 In:12 Wi:18 Ch:7 Neutral S:0   
Dlvl:1 $:0 HP:5(14) Pw:8(8) AC:7 Xp:1/0                                         

",0.0,False
95,north,,"message:


language observation:
horizontal closed door far eastsoutheast
horizontal wall very near southeast and south
southwest corner very near southwest
vertical closed door very near westsouthwest
vertical wall very near west
horizontal wall adjacent north, northeast, and northwest
stairs up adjacent southwest

cursor:
Yourself a priest
(x=38, y=3)

map:
                                                                                
                                    ----------------                            
                                    |.@.............                            
                                    +<.............|                            
                                    --------+-------                            
                                                                                
                                                                                
                                                                                
                                                                                
                                                                                
                                                                                
                                                                                
                                                                                
                                                                                
                                                                                
                                                                                
                                                                                
                                                                                
                                                                                
                                                                                
                                                                                
Agent the Aspirant             St:14 Dx:10 Co:14 In:12 Wi:18 Ch:7 Neutral S:0   
Dlvl:1 $:0 HP:5(14) Pw:8(8) AC:7 Xp:1/0                                         

",0.0,False
96,northwest,,"message:
It's a wall.

language observation:
horizontal closed door far eastsoutheast
horizontal wall very near southeast and south
southwest corner very near southwest
vertical closed door very near westsouthwest
vertical wall very near west
horizontal wall adjacent north, northeast, and northwest
stairs up adjacent southwest

cursor:
Yourself a priest
(x=38, y=3)

map:
                                                                                
                                    ----------------                            
                                    |.@.............                            
                                    +<.............|                            
                                    --------+-------                            
                                                                                
                                                                                
                                                                                
                                                                                
                                                                                
                                                                                
                                                                                
                                                                                
                                                                                
                                                                                
                                                                                
                                                                                
                                                                                
                                                                                
                                                                                
                                                                                
Agent the Aspirant             St:14 Dx:10 Co:14 In:12 Wi:18 Ch:7 Neutral S:0   
Dlvl:1 $:0 HP:5(14) Pw:8(8) AC:7 Xp:1/0                                         

",0.0,False
97,north,,"message:
It's a wall.

language observation:
horizontal closed door far eastsoutheast
horizontal wall very near southeast and south
southwest corner very near southwest
vertical closed door very near westsouthwest
vertical wall very near west
horizontal wall adjacent north, northeast, and northwest
stairs up adjacent southwest

cursor:
Yourself a priest
(x=38, y=3)

map:
                                                                                
                                    ----------------                            
                                    |.@.............                            
                                    +<.............|                            
                                    --------+-------                            
                                                                                
                                                                                
                                                                                
                                                                                
                                                                                
                                                                                
                                                                                
                                                                                
                                                                                
                                                                                
                                                                                
                                                                                
                                                                                
                                                                                
                                                                                
                                                                                
Agent the Aspirant             St:14 Dx:10 Co:14 In:12 Wi:18 Ch:7 Neutral S:0   
Dlvl:1 $:0 HP:5(14) Pw:8(8) AC:7 Xp:1/0                                         

",0.0,False
98,southwest,,"message:


language observation:
horizontal closed door far eastsoutheast
horizontal wall very near north and northeast
dark area very near west
horizontal wall adjacent southeast and south
southwest corner adjacent southwest
vertical closed door adjacent west
vertical wall adjacent northwest

cursor:
Yourself a priest
(x=37, y=4)

map:
                                                                                
                                    ----------------                            
                                    |...............                            
                                    +@.............|                            
                                    --------+-------                            
                                                                                
                                                                                
                                                                                
                                                                                
                                                                                
                                                                                
                                                                                
                                                                                
                                                                                
                                                                                
                                                                                
                                                                                
                                                                                
                                                                                
                                                                                
                                                                                
Agent the Aspirant             St:14 Dx:10 Co:14 In:12 Wi:18 Ch:7 Neutral S:0   
Dlvl:1 $:0 HP:5(14) Pw:8(8) AC:7 Xp:1/0                                         

",0.0,False
99,southwest,,"message:
 
No  Points     Name                                                   Hp [max]
0  Agent-Pri-Hum-Mal-Neu quit in The Dungeons of Doom on
level 1.                                                5  [14]


language observation:
dark area adjacent east, southeast, and south

cursor:
very far eastsoutheast 
(x=77, y=6)

map:
 No  Points     Name                                                   Hp [max] 
                                                                                
            0  Agent-Pri-Hum-Mal-Neu quit in The Dungeons of Doom on            
                                                                                
              level 1.                                                5  [14]   
                                                                                
                                                                                
                                                                                
                                                                                
                                                                                
                                                                                
                                                                                
                                                                                
                                                                                
                                                                                
                                                                                
                                                                                
                                                                                
                                                                                
                                                                                
                                                                                
                                                                                
                                                                                

",0.0,True
